e1:
[[ 0.  1.  0.  0.]
 [ 1.  0.  0.  0.]
 [ 0.  0.  0. -1.]
 [ 0.  0. -1.  0.]]
e2:
[[ 0. -j   0.  0.]
 [ j   0.  0.  0.]
 [ 0.  0.  0.  j ]
 [ 0.  0. -j   0.]]
e3:
[[ 1.  0.  0.  0.]
 [ 0. -1.  0.  0.]
 [ 0.  0. -1.  0.]
 [ 0.  0.  0.  1.]]
e4:
[[0. 0. 1. 0.]
 [0. 0. 0. 1.]
 [1. 0. 0. 0.]
 [0. 1. 0. 0.]]
e5:
[[ 0.  0. -1.  0.]
 [ 0.  0.  0. -1.]
 [ 1.  0.  0.  0.]
 [ 0.  1.  0.  0.]]

e12:
[[ j   0.  0.  0.]
 [ 0. -j   0.  0.]
 [ 0.  0.  j   0.]
 [ 0.  0.  0. -j ]]
e13:
[[ 0. -1.  0.  0.]
 [ 1.  0.  0.  0.]
 [ 0.  0.  0. -1.]
 [ 0.  0.  1.  0.]]
e14:
[[ 0.  0.  0.  1.]
 [ 0.  0.  1.  0.]
 [ 0. -1.  0.  0.]
 [-1.  0.  0.  0.]]
e15:
[[ 0.  0.  0. -1.]
 [ 0.  0. -1.  0.]
 [ 0. -1.  0.  0.]
 [-1.  0.  0.  0.]]
e23:
[[ 0.  j   0.  0.]
 [ j   0.  0.  0.]
 [ 0.  0.  0.  j ]
 [ 0.  0.  j   0.]]
e24:
[[ 0.  0.  0. -j ]
 [ 0.  0.  j   0.]
 [ 0.  j   0.  0.]
 [-j   0.  0.  0.]]
e25:
[[ 0.  0.  0.  j ]
 [ 0.  0. -j   0.]
 [ 0.  j   0.  0.]
 [-j   0.  0.  0.]]
e34:
[[ 0.  0.  1.  0.]
 [ 0.  0.  0. -1.]
 [-1.  0.  0.  0.]
 [ 0.  1.  0.  0.]]
e35:
[[ 0.  0. -1.  0.]
 [ 0.  0.  0.  1.]
 [-1.  0.  0.  0.]
 [ 0.  1.  0.  0.]]
e45:
[[ 1.  0.  0.  0.]
 [ 0.  1.  0.  0.]
 [ 0.  0. -1.  0.]
 [ 0.  0.  0. -1.]]

e123:
[[ j   0.  0.  0.]
 [ 0.  j   0.  0.]
 [ 0.  0. -j   0.]
 [ 0.  0.  0. -j ]]
e124:
[[ 0.  0.  j   0.]
 [ 0.  0.  0. -j ]
 [ j   0.  0.  0.]
 [ 0. -j   0.  0.]]
e125:
[[ 0.  0. -j   0.]
 [ 0.  0.  0.  j ]
 [ j   0.  0.  0.]
 [ 0. -j   0.  0.]]
e134:
[[ 0.  0.  0. -1.]
 [ 0.  0.  1.  0.]
 [ 0. -1.  0.  0.]
 [ 1.  0.  0.  0.]]
e135:
[[ 0.  0.  0.  1.]
 [ 0.  0. -1.  0.]
 [ 0. -1.  0.  0.]
 [ 1.  0.  0.  0.]]
e145:
[[0. 1. 0. 0.]
 [1. 0. 0. 0.]
 [0. 0. 0. 1.]
 [0. 0. 1. 0.]]
e234:
[[ 0.  0.  0.  j ]
 [ 0.  0.  j   0.]
 [ 0.  j   0.  0.]
 [ j   0.  0.  0.]]
e235:
[[ 0.  0.  0. -j ]
 [ 0.  0. -j   0.]
 [ 0.  j   0.  0.]
 [ j   0.  0.  0.]]
e245:
[[ 0. -j   0.  0.]
 [ j   0.  0.  0.]
 [ 0.  0.  0. -j ]
 [ 0.  0.  j   0.]]
e345:
[[ 1.  0.  0.  0.]
 [ 0. -1.  0.  0.]
 [ 0.  0.  1.  0.]
 [ 0.  0.  0. -1.]]

e1234:
[[ 0.  0.  j   0.]
 [ 0.  0.  0.  j ]
 [-j   0.  0.  0.]
 [ 0. -j   0.  0.]]
e1235:
[[ 0.  0. -j   0.]
 [ 0.  0.  0. -j ]
 [-j   0.  0.  0.]
 [ 0. -j   0.  0.]]
e1245:
[[ j   0.  0.  0.]
 [ 0. -j   0.  0.]
 [ 0.  0. -j   0.]
 [ 0.  0.  0.  j ]]
e1345:
[[ 0. -1.  0.  0.]
 [ 1.  0.  0.  0.]
 [ 0.  0.  0.  1.]
 [ 0.  0. -1.  0.]]
e2345:
[[ 0.  j   0.  0.]
 [ j   0.  0.  0.]
 [ 0.  0.  0. -j ]
 [ 0.  0. -j   0.]]
 
e12345:
[[ j   0.  0.  0.]
 [ 0.  j   0.  0.]
 [ 0.  0.  j   0.]
 [ 0.  0.  0.  j ]]
