  -0.0266309   -0.0286931   -0.0259767   -0.0195275   -0.0111093  -0.00280746 
  0.00318074   0.00487537    0.0012315  -0.00695057    -0.016601    -0.023117 
  -0.0222953   -0.0126024   0.00355217    0.0204925    0.0317637   -0.0259544 
  -0.0315409   -0.0333626   -0.0309875    -0.024842   -0.0163562  -0.00796459 
 -0.00259418  -0.00251215  -0.00796327   -0.0164633   -0.0234787   -0.0244672 
  -0.0173224  -0.00382043    0.0109073    0.0207465    -0.017747   -0.0253154 
  -0.0311942   -0.0336367    -0.031647   -0.0256127   -0.0175832   -0.0107708 
 -0.00821543   -0.0111525   -0.0180303    -0.024943   -0.0274825   -0.0231085 
  -0.0127052 -0.000361382   0.00859085  -0.00597772    -0.013353   -0.0214914 
  -0.0279423    -0.030679    -0.029026   -0.0241777   -0.0188716    -0.016161 
  -0.0178024   -0.0231442   -0.0292524   -0.0323438   -0.0298155   -0.0217471 
  -0.0110134  -0.00192045   0.00382751  -0.00119092  -0.00905956   -0.0174797 
  -0.0241239   -0.0275763    -0.027965    -0.026891   -0.0265718    -0.028571 
  -0.0328014   -0.0374041   -0.0396384   -0.0373331   -0.0301174   -0.0197691 
 -0.00950655   0.00778588   0.00667666   0.00148096  -0.00645447   -0.0152938 
  -0.0233896   -0.0298552   -0.0347521   -0.0387739   -0.0425859   -0.0461965 
  -0.0487311   -0.0487596   -0.0450139   -0.0371342   -0.0260864   -0.0140582 
  0.00567547   0.00902938   0.00800093   0.00251391  -0.00666002   -0.0181298 
  -0.0302434   -0.0414624    -0.050627   -0.0570424   -0.0604002   -0.0606076 
  -0.0576212   -0.0513831   -0.0419396   -0.0297514    -0.016073   0.00064797 
  0.00792979    0.0112541   0.00911373   0.00102841   -0.0121882   -0.0284777 
  -0.0449831   -0.0588026   -0.0677957   -0.0711136   -0.0692061    -0.063291 
  -0.0545751   -0.0437065   -0.0308539   -0.0164173  -0.00298898   0.00679034 
   0.0134505    0.0144565   0.00825622   -0.0050361   -0.0233546   -0.0430678 
  -0.0600293   -0.0709334    -0.074385   -0.0711444    -0.063387   -0.0533697 
  -0.0422944   -0.0301055   -0.0163937  -0.00242338   0.00792996    0.0162222 
   0.0195002    0.0155213   0.00370709   -0.0142606   -0.0346435   -0.0527623 
  -0.0646544   -0.0685245   -0.0652285   -0.0574743   -0.0481506   -0.0387646 
  -0.0289872   -0.0176377   0.00215566    0.0111781    0.0193942    0.0239901 
   0.0223942    0.0133683   -0.0021272   -0.0208645   -0.0383278   -0.0504295 
  -0.0551604   -0.0532738   -0.0475519   -0.0410173   -0.0351504   -0.0292613 
  -0.0214811   0.00790719    0.0142333    0.0212543    0.0265933    0.0275304 
   0.0221654    0.0105211  -0.00508308   -0.0207615   -0.0326739   -0.0387277 
  -0.0394088   -0.0371883   -0.0347957   -0.0334046   -0.0319314   -0.0279864 
   0.0110932    0.0143194     0.019946    0.0259919    0.0295503    0.0280426 
   0.0205363   0.00838292  -0.00527298   -0.0169558   -0.0245338   -0.0281346 
  -0.0297076   -0.0314562   -0.0341255   -0.0363146   -0.0353675   0.00908625 
   0.0099685    0.0149268    0.0220545    0.0280831    0.0298043    0.0255655 
   0.0160538   0.00391513   -0.0076256   -0.0163926   -0.0221913   -0.0264724 
  -0.0309302    -0.035952   -0.0400007   -0.0404449   0.00155114   0.00186173 
  0.00751059    0.0162171    0.0241832    0.0277612     0.025055    0.0166641 
  0.00520509  -0.00611838   -0.0151092   -0.0214405   -0.0263104    -0.031138 
  -0.0361679   -0.0399518    -0.040129  -0.00963036  -0.00762207  0.000206292 
    0.010804    0.0198039    0.0234659    0.0202668    0.0113866 -8.95411e-05 
  -0.0107854   -0.0185943   -0.0233719   -0.0264429   -0.0292898   -0.0322722 
  -0.0342135   -0.0331522   -0.0214033   -0.0157066  -0.00464504   0.00775374 
   0.0166884    0.0187605    0.0134049   0.00292245  -0.00880405   -0.0181811 
  -0.0233983   -0.0248405   -0.0243249   -0.0236923   -0.0236029   -0.0232289 
  -0.0209929   -0.0308782   -0.0205333  -0.00605587   0.00759113    0.0154419 
   0.0148307   0.00652123  -0.00583543   -0.0175247   -0.0248755   -0.0266103 
  -0.0238918   -0.0192263   -0.0149318   -0.0120062  -0.00992791  -0.00738047 
  -0.0363453   -0.0218168  -0.00473169   0.00928133    0.0154035    0.0119175 
 0.000942143   -0.0126887    -0.023711   -0.0286507   -0.0269331   -0.0205273 
  -0.0125491  -0.00566736  -0.00109119   0.00151838   0.00336323   -0.0170487 
  -0.0175026   -0.0127511  -0.00441064    0.0049701    0.0126799    0.0163775 
   0.0145289   0.00697134  -0.00450848   -0.0161032   -0.0229432   -0.0210415 
 -0.00939186   0.00901658    0.0280869    0.0411689   -0.0239631   -0.0283094 
  -0.0276381   -0.0221996   -0.0134574  -0.00378475   0.00394114   0.00702445 
  0.00398253  -0.00442223    -0.014851    -0.022332   -0.0223735   -0.0133013 
  0.00250118     0.019327    0.0306483   -0.0234437   -0.0308669   -0.0347048 
  -0.0337444   -0.0280422   -0.0191044  -0.00971227  -0.00318443  -0.00208961 
 -0.00687674   -0.0152149   -0.0226734   -0.0246831   -0.0188922  -0.00662919 
  0.00744695     0.017452   -0.0169267   -0.0257292   -0.0331804   -0.0369745 
   -0.035877   -0.0302713   -0.0222439   -0.0149836   -0.0115221   -0.0132658 
  -0.0190803   -0.0255674   -0.0285981    -0.025417   -0.0162129  -0.00425279 
  0.00557051  -0.00883116   -0.0169223    -0.025994    -0.033383   -0.0370943 
  -0.0364855   -0.0325439   -0.0275618   -0.0241941   -0.0242067   -0.0274991 
   -0.031975   -0.0344564   -0.0322699   -0.0247205   -0.0136651  -0.00283869 
 -0.00374453  -0.00920244   -0.0174265   -0.0262486   -0.0336674   -0.0383968 
   -0.040199    -0.039891   -0.0389459   -0.0387583   -0.0398617   -0.0414977 
  -0.0418355   -0.0388316   -0.0313673   -0.0201082   -0.0076038  -0.00376661 
 -0.00532595   -0.0105463   -0.0184339   -0.0276858    -0.036876   -0.0446863 
  -0.0502133   -0.0532155   -0.0541017     -0.05357   -0.0520433   -0.0492322 
  -0.0441604   -0.0357651   -0.0238372   -0.0097846  -0.00761326  -0.00496715 
 -0.00599002   -0.0111513   -0.0202728   -0.0322386   -0.0449983   -0.0560683 
  -0.0633851   -0.0660608   -0.0645777   -0.0602579      -0.0543   -0.0469893 
  -0.0376515   -0.0254851   -0.0108182   -0.0118309  -0.00568715  -0.00255659 
  -0.0042121   -0.0116564   -0.0243751   -0.0400456   -0.0550874   -0.0659465 
  -0.0705021    -0.068818   -0.0627764   -0.0547726   -0.0462514   -0.0370235 
  -0.0258645    -0.012078   -0.0131355  -0.00501949   0.00115178   0.00279571 
 -0.00202581   -0.0135242   -0.0295913   -0.0462437   -0.0590871   -0.0651377 
  -0.0640199   -0.0578306   -0.0496986   -0.0418709   -0.0345131   -0.0260293 
  -0.0147617   -0.0103424   -0.0021832   0.00535517   0.00948033   0.00768853 
-0.000972226   -0.0150389   -0.0308423   -0.0438985   -0.0508679   -0.0510278 
  -0.0463794   -0.0402558   -0.0352158   -0.0315173   -0.0271839    -0.019705 
 -0.00483586   0.00158767   0.00889671    0.0145527    0.0157921    0.0109532 
 0.000564159   -0.0125585   -0.0244471   -0.0318531   -0.0338231   -0.0320213 
   -0.029519   -0.0287235   -0.0297256   -0.0301819   -0.0269196  0.000432097 
  0.00406256    0.0101759    0.0166517    0.0205962    0.0196925    0.0134686 
  0.00369029  -0.00646565    -0.014078   -0.0180421   -0.0195524   -0.0211326 
  -0.0247474   -0.0301857   -0.0348356   -0.0351412   0.00257718   0.00350151 
  0.00839387    0.0153844    0.0214016    0.0235816    0.0206636    0.0135738 
  0.00482125  -0.00298269  -0.00861673   -0.0128212    -0.017539   -0.0242552 
  -0.0325031   -0.0395973    -0.041924   5.8318e-05 -0.000393325   0.00418425 
   0.0117657    0.0189641    0.0225766    0.0210314    0.0149766   0.00669759 
 -0.00130013  -0.00771318   -0.0130089   -0.0187705   -0.0262091   -0.0348059 
  -0.0420435   -0.0445446  -0.00693671  -0.00652672 -0.000754857   0.00772049 
   0.0150871     0.018124     0.015595   0.00860859 -0.000198394  -0.00817644 
  -0.0140312   -0.0182785    -0.022537   -0.0280955   -0.0346507   -0.0400603 
   -0.041363   -0.0168892   -0.0132008  -0.00468299   0.00499888    0.0116079 
   0.0122934   0.00680015  -0.00262767    -0.012522   -0.0199395   -0.0237693 
  -0.0249564   -0.0255819   -0.0273595   -0.0304176   -0.0330863   -0.0328428 
  -0.0276704   -0.0189956  -0.00675199   0.00424282   0.00945746   0.00676721 
 -0.00265063   -0.0150266    -0.025862   -0.0319554   -0.0326078   -0.0295097 
  -0.0254988   -0.0229087   -0.0223706   -0.0226491   -0.0215444   -0.0371854 
  -0.0232156  -0.00727235   0.00480215   0.00840084   0.00233446   -0.0106765 
  -0.0253698   -0.0363747   -0.0404523   -0.0375171   -0.0301303   -0.0219141 
  -0.0157681   -0.0127183   -0.0118212   -0.0110277  -0.00845095  -0.00762981 
 -0.00180199   0.00710817    0.0161592    0.0223639    0.0234227    0.0182544 
  0.00747624  -0.00627105    -0.018585   -0.0245247   -0.0206118  -0.00671306 
   0.0133517    0.0330983    0.0460999   -0.0205907   -0.0232617   -0.0203454 
  -0.0127153   -0.0026114   0.00697856    0.0130053    0.0131615   0.00681163 
 -0.00427049   -0.0159492   -0.0229822   -0.0212379  -0.00986639   0.00783631 
   0.0255731    0.0367816     -0.02727   -0.0334357   -0.0345611   -0.0301616 
  -0.0213279   -0.0105137   -0.0010041   0.00400108     0.002612  -0.00465121 
  -0.0145681   -0.0222273   -0.0231518   -0.0155848   -0.0016762    0.0132276 
   0.0229659    -0.027361   -0.0360925    -0.041335   -0.0413452   -0.0359377 
  -0.0266331   -0.0163432  -0.00852898  -0.00592331  -0.00924163   -0.0165511 
  -0.0238372   -0.0267387   -0.0227065   -0.0124648  8.98857e-05   0.00961005 
  -0.0232001   -0.0329073   -0.0411865   -0.0455416   -0.0447814   -0.0393685 
  -0.0313096   -0.0235541   -0.0189491    -0.019034   -0.0232008    -0.028744 
  -0.0319673   -0.0299433   -0.0220827   -0.0106645  3.31495e-05   -0.0187298 
  -0.0275739   -0.0369365   -0.0443236   -0.0481209   -0.0479095   -0.0444752 
  -0.0395518   -0.0352661   -0.0333249   -0.0341916   -0.0366714   -0.0382552 
  -0.0362279   -0.0291023   -0.0176613  -0.00498947   -0.0169287   -0.0232823 
   -0.031495   -0.0398247   -0.0469205   -0.0518742   -0.0542169   -0.0540237 
   -0.052014   -0.0493815    -0.047237   -0.0458743   -0.0443353   -0.0406957 
  -0.0331123    -0.021163  -0.00670168   -0.0182124   -0.0210718   -0.0263112 
  -0.0334346   -0.0419111   -0.0508049   -0.0586271   -0.0637337   -0.0651011 
   -0.062923   -0.0585081   -0.0534176   -0.0483491   -0.0425514   -0.0342992 
    -0.02229  -0.00715349   -0.0206598    -0.019915   -0.0212955    -0.025646 
  -0.0335195   -0.0443505   -0.0560664   -0.0656415   -0.0704205   -0.0694366 
  -0.0638437   -0.0561037   -0.0483792   -0.0411655   -0.0331196    -0.022314 
 -0.00818424   -0.0216406   -0.0181232   -0.0158783    -0.016797   -0.0224613 
  -0.0329375   -0.0461093   -0.0582144   -0.0654754   -0.0659433   -0.0604197 
  -0.0518273   -0.0433497   -0.0364872   -0.0302937   -0.0223632   -0.0109973 
  -0.0196012   -0.0148682   -0.0101432  -0.00783754   -0.0102862   -0.0183099 
  -0.0302791   -0.0424688   -0.0507118   -0.0524868   -0.0481927   -0.0407756 
  -0.0338569   -0.0294844   -0.0269337   -0.0233864   -0.0161277   -0.0148965 
  -0.0107658  -0.00512421 -0.000371823  0.000737053  -0.00338665   -0.0120033 
  -0.0221035   -0.0298384   -0.0325765   -0.0303568   -0.0257865   -0.0223543 
  -0.0221509   -0.0244347   -0.0260301   -0.0234076  -0.00937828   -0.0073158 
  -0.0021402   0.00408828   0.00844289   0.00863626   0.00435218  -0.00248886 
 -0.00880538   -0.0121936   -0.0124048   -0.0114828   -0.0123783   -0.0168456 
  -0.0239606    -0.030301    -0.031815  -0.00528997  -0.00582497  -0.00180632 
  0.00505874    0.0117636    0.0154774    0.0149732    0.0111411   0.00624523 
  0.00235525 -5.97592e-05  -0.00243865  -0.00705796    -0.015203   -0.0257632 
  -0.0352623   -0.0394754  -0.00428815  -0.00667519  -0.00354613   0.00345569 
    0.011203    0.0165751    0.0178927    0.0155025    0.0111945   0.00682572 
  0.00301766  -0.00122146  -0.00765295    -0.017233   -0.0288291   -0.0391564 
  -0.0441493  -0.00705798  -0.00936602  -0.00596795   0.00108555   0.00845033 
   0.0130648    0.0134795    0.0102664   0.00533174  0.000566879  -0.00335738 
 -0.00731487   -0.0129427    -0.021207   -0.0312149   -0.0400973   -0.0441782 
  -0.0134217   -0.0130969  -0.00778043 -0.000409832   0.00538777   0.00700767 
  0.00396335  -0.00214043  -0.00867632   -0.0134949   -0.0160424   -0.0174971 
  -0.0198569    -0.024492   -0.0309944   -0.0370343   -0.0393939   -0.0225478 
  -0.0172987   -0.0085445 -0.000433015   0.00314259  0.000392955  -0.00762988 
   -0.017703   -0.0260889   -0.0303031     -0.03013   -0.0274471   -0.0250186 
  -0.0249059   -0.0273068   -0.0304134    -0.031372   -0.0330217   -0.0217007 
 -0.00874372  0.000431215   0.00176916  -0.00548577   -0.0185003   -0.0322633 
  -0.0418973   -0.0447028   -0.0410215   -0.0336644   -0.0263286   -0.0218215 
  -0.0208874   -0.0220966    -0.022773  -0.00470246  -0.00387018   0.00157135 
  0.00973248    0.0176358    0.0222361     0.021284    0.0139902   0.00152939 
  -0.0127975   -0.0241433   -0.0276621   -0.0206275  -0.00408351    0.0170813 
   0.0360016    0.0468368   -0.0187972   -0.0203186   -0.0161799   -0.0076578 
  0.00257768    0.0112449    0.0153025    0.0128517   0.00401974  -0.00853285 
  -0.0200259   -0.0251668   -0.0205042  -0.00638371    0.0127172     0.029932 
   0.0390732   -0.0303305   -0.0349102    -0.033546   -0.0264857   -0.0156494 
 -0.00414158   0.00451593   0.00741841   0.00344491  -0.00589067   -0.0165341 
  -0.0232814   -0.0220954   -0.0122516   0.00293242    0.0173859    0.0250552 
  -0.0363777   -0.0439451   -0.0462182   -0.0422817   -0.0330332    -0.020985 
  -0.0096448  -0.00250101  -0.00175284  -0.00721871   -0.0160484   -0.0236691 
  -0.0257762   -0.0204841  -0.00947699   0.00257873     0.010174   -0.0370521 
   -0.046804   -0.0526461    -0.052732   -0.0469658   -0.0369982   -0.0257763 
  -0.0167076   -0.0125331   -0.0142068   -0.0202886   -0.0273167   -0.0312162 
  -0.0292063   -0.0212705   -0.0103645  -0.00114985   -0.0347439   -0.0453421 
  -0.0537076   -0.0576031   -0.0562794   -0.0504928   -0.0421823   -0.0339409 
  -0.0282898   -0.0268103    -0.029394   -0.0340365   -0.0374816   -0.0366174 
  -0.0300455   -0.0190173  -0.00714549   -0.0321589   -0.0420555   -0.0512084 
  -0.0576605   -0.0605461   -0.0599281   -0.0565094   -0.0514735   -0.0463624 
  -0.0427335   -0.0415083   -0.0422927   -0.0431819     -0.04142   -0.0347901 
  -0.0230755   -0.0087162   -0.0306118   -0.0384501   -0.0465021   -0.0536616 
   -0.059493   -0.0637203   -0.0658602   -0.0654064   -0.0623963   -0.0577773 
  -0.0530802   -0.0494475   -0.0466473   -0.0428691   -0.0356787   -0.0237321 
 -0.00822585   -0.0296288   -0.0346347   -0.0401341    -0.046156   -0.0530725 
  -0.0606665   -0.0675841   -0.0717548   -0.0715836   -0.0670586   -0.0598957 
  -0.0524831   -0.0462641    -0.040683   -0.0335391   -0.0226865    -0.008053 
  -0.0278539   -0.0300964    -0.032448   -0.0359945   -0.0420326   -0.0507497 
  -0.0604322   -0.0679558   -0.0703975   -0.0667555    -0.058595   -0.0490947 
  -0.0410422   -0.0350856   -0.0294537   -0.0214367  -0.00972296   -0.0243623 
  -0.0247712   -0.0243362   -0.0248276   -0.0283391   -0.0357026   -0.0454361 
   -0.054118   -0.0581301   -0.0557369   -0.0481479    -0.038803   -0.0312583 
  -0.0270026   -0.0246418   -0.0210453   -0.0137658   -0.0193865   -0.0194678 
  -0.0173272   -0.0149243   -0.0148822   -0.0187942   -0.0259369   -0.0333727 
  -0.0375339   -0.0363622   -0.0306346   -0.0235564   -0.0187936   -0.0181554 
   -0.020424   -0.0221431   -0.0199256   -0.0140939   -0.0153886   -0.0128665 
 -0.00826614  -0.00446383  -0.00380381   -0.0066348   -0.0110648   -0.0141785 
  -0.0139883   -0.0108528  -0.00738239  -0.00680051   -0.0107565   -0.0180043 
  -0.0248726   -0.0273244  -0.00982945   -0.0132721   -0.0113894   -0.0055348 
   0.0013498   0.00631117   0.00794218   0.00694114   0.00531654    0.0047576 
  0.00525793   0.00495135    0.0013497  -0.00676466   -0.0180321   -0.0287344 
  -0.0345385   -0.0075346   -0.0129429   -0.0119813  -0.00576088   0.00277647 
   0.0103441    0.0148571    0.0161528    0.0155057    0.0143054    0.0127997 
  0.00977269   0.00343285  -0.00702308   -0.0202054   -0.0325704   -0.0398404 
 -0.00770807    -0.013631   -0.0129572  -0.00694998   0.00141982   0.00892188 
   0.0134747    0.0147801    0.0138999    0.0121063   0.00976584   0.00599802 
 -0.00063137   -0.0107865   -0.0232643   -0.0349138   -0.0417794   -0.0106836 
   -0.014731   -0.0129584  -0.00728916 -0.000785737   0.00382366   0.00527605 
  0.00403315   0.00161004 -0.000595927  -0.00228481   -0.0044606  -0.00871582 
  -0.0159842   -0.0254998    -0.034644   -0.0398951   -0.0167073   -0.0163018 
   -0.011764  -0.00612697  -0.00258476  -0.00295457   -0.0069556    -0.012585 
  -0.0173146   -0.0194567   -0.0190105   -0.0175824   -0.0174357   -0.0201469 
  -0.0255563   -0.0315843   -0.0350793    -0.025557   -0.0188553   -0.0102418 
 -0.00410357  -0.00375286  -0.00982771   -0.0200786   -0.0305426   -0.0374274 
  -0.0387597   -0.0350767   -0.0289445   -0.0236236   -0.0215174   -0.0230796 
    -0.02664    -0.029228  -0.00680903   -0.0077664  -0.00424071   0.00224409 
  0.00888552    0.0125806    0.0109298   0.00313304  -0.00935387   -0.0227359 
  -0.0317818    -0.031771    -0.020815  -0.00130072    0.0206384    0.0376978 
   0.0447928   -0.0202025    -0.021859    -0.017913  -0.00973299 -0.000111435 
  0.00755039    0.0102076   0.00621357  -0.00374824   -0.0163076   -0.0261736 
  -0.0281395   -0.0196243  -0.00240242    0.0176858    0.0332128    0.0386518 
   -0.033741   -0.0372329   -0.0342974   -0.0257402   -0.0140179    -0.002607 
  0.00489918   0.00592258  5.27063e-05   -0.0103012   -0.0203822   -0.0248927 
  -0.0205265  -0.00792925   0.00816698    0.0209729    0.0248883   -0.0438004 
   -0.049807   -0.0491965   -0.0419351    -0.029846   -0.0161657  -0.00473765 
   0.0011133 -0.000163835   -0.0074428    -0.016997   -0.0238741   -0.0241657 
  -0.0170793  -0.00560414   0.00476787   0.00870743   -0.0488542   -0.0574446 
  -0.0599477   -0.0554743   -0.0450819   -0.0314686   -0.0182825  -0.00912686 
 -0.00638621   -0.0102153   -0.0182237   -0.0262576   -0.0301589   -0.0277544 
  -0.0200294   -0.0107665  -0.00473505   -0.0495675   -0.0601737   -0.0657679 
  -0.0648788   -0.0579037   -0.0468248   -0.0346191   -0.0245153   -0.0191265 
  -0.0195618     -0.02484   -0.0320235   -0.0372645     -0.03746   -0.0317652 
  -0.0221463   -0.0125786   -0.0475973   -0.0591393   -0.0669663   -0.0695011 
  -0.0667962   -0.0601192   -0.0514062   -0.0428534   -0.0365674   -0.0340637 
  -0.0356188   -0.0398176   -0.0437643   -0.0441478   -0.0388191   -0.0280908 
  -0.0149547   -0.0441959     -0.05537   -0.0640099    -0.068942   -0.0702889 
   -0.068778   -0.0651527   -0.0601149   -0.0546229   -0.0499976   -0.0474514 
  -0.0472051   -0.0478512   -0.0466373   -0.0408004   -0.0293307   -0.0140894 
   -0.039649   -0.0493299   -0.0572788   -0.0630851   -0.0673113   -0.0704374 
  -0.0721403   -0.0715189   -0.0680385   -0.0623503   -0.0561925    -0.051288 
  -0.0479732   -0.0446247   -0.0384992   -0.0276428   -0.0126908   -0.0337533 
  -0.0413893   -0.0475521   -0.0526808   -0.0579888   -0.0640463   -0.0698571 
  -0.0732212   -0.0721798   -0.0664933   -0.0580174   -0.0496012   -0.0432019 
  -0.0385331   -0.0332782   -0.0248651   -0.0126817   -0.0266858   -0.0325253 
  -0.0365314   -0.0397938   -0.0441881   -0.0506881   -0.0582016    -0.063882 
  -0.0648093   -0.0599262   -0.0508728   -0.0410762   -0.0336386   -0.0294231 
  -0.0266566    -0.022377   -0.0147954   -0.0194011   -0.0244233   -0.0266534 
  -0.0274452   -0.0291876     -0.03349   -0.0397808   -0.0453829   -0.0471184 
  -0.0434137     -0.03548   -0.0267229   -0.0207018   -0.0189558   -0.0201328 
  -0.0210242   -0.0188387   -0.0132243   -0.0187508   -0.0200788   -0.0184231 
  -0.0164624   -0.0165483   -0.0191073   -0.0223556    -0.023559   -0.0210169 
  -0.0154244  -0.00965378  -0.00703353  -0.00921865   -0.0150507   -0.0211831 
  -0.0240944  -0.00906464   -0.0161636   -0.0175211   -0.0139631  -0.00825289 
 -0.00342841  -0.00108894 -0.000727408  -0.00050723    0.0010814      0.00384 
  0.00573121    0.0041413  -0.00226777    -0.012348   -0.0227424   -0.0295379 
 -0.00700338   -0.0159044   -0.0178246   -0.0132144  -0.00479082    0.0039554 
   0.0104774    0.0141114    0.0157494    0.0165758    0.0167878     0.015206 
    0.010074  0.000530057   -0.0122496   -0.0250641   -0.0339564  -0.00663404 
  -0.0163997   -0.0187029   -0.0139049  -0.00463235   0.00556577    0.0138013 
   0.0188276      0.02096    0.0211269     0.019755    0.0162656   0.00953873 
-0.000956744   -0.0141373   -0.0271369   -0.0362334  -0.00781603   -0.0164413 
  -0.0181835   -0.0137855  -0.00580228   0.00265058   0.00919041    0.0128859 
   0.0141143    0.0137465    0.0122157   0.00907601   0.00335065  -0.00552689 
  -0.0167777   -0.0279998   -0.0358455   -0.0110784   -0.0160352   -0.0157612 
  -0.0118888  -0.00694228  -0.00311965  -0.00143811  -0.00158416  -0.00245004 
 -0.00302034  -0.00312121   -0.0036208  -0.00594236   -0.0111128   -0.0188504 
  -0.0272366   -0.0332632   -0.0171767   -0.0162357   -0.0124749  -0.00880056 
 -0.00773706   -0.0102061   -0.0152285   -0.0205753   -0.0239496   -0.0241016 
  -0.0213914    -0.017596   -0.0150693   -0.0156078   -0.0194993   -0.0251972 
  -0.0298489   -0.0125741   -0.0170184   -0.0165541   -0.0121053  -0.00627229 
 -0.00240387  -0.00337522   -0.0103349   -0.0217855    -0.033524   -0.0398835 
  -0.0361489   -0.0211654    0.0013662    0.0240101    0.0389218     0.041702 
  -0.0240845   -0.0273883   -0.0249444   -0.0179042  -0.00900581  -0.00179155 
 0.000493628  -0.00382344    -0.013753   -0.0253632   -0.0328902    -0.031189 
  -0.0185275   0.00187093     0.022754    0.0361086    0.0371276   -0.0375162 
  -0.0409083   -0.0375722   -0.0285892   -0.0166823  -0.00555031   0.00113345 
 0.000988306  -0.00585607   -0.0162393    -0.024802   -0.0262381   -0.0180798 
 -0.00247207    0.0143395    0.0248592    0.0241134   -0.0494339   -0.0540917 
  -0.0512692   -0.0416688   -0.0277776   -0.0132976  -0.00223835   0.00229595 
-0.000620704  -0.00898327   -0.0182903   -0.0233716   -0.0209515    -0.011601 
 0.000185544   0.00808421   0.00719186   -0.0575394   -0.0643013   -0.0633299 
  -0.0547653   -0.0406729   -0.0245329   -0.0104207  -0.00192209 -0.000926286 
 -0.00672399   -0.0160043   -0.0240849   -0.0270356   -0.0236807   -0.0163234 
 -0.00964189  -0.00824796   -0.0612311   -0.0703751   -0.0721206   -0.0660702 
  -0.0538062   -0.0383653   -0.0234903   -0.0127601  -0.00862115   -0.0115063 
  -0.0194614   -0.0286931   -0.0350522   -0.0358812   -0.0312905   -0.0241108 
  -0.0184485   -0.0609951   -0.0721509   -0.0767433    -0.074067    -0.065317 
   -0.052944   -0.0399395   -0.0292577   -0.0232734    -0.023153   -0.0282805 
  -0.0361415   -0.0430199   -0.0454373   -0.0417401   -0.0329913   -0.0225793 
  -0.0574142    -0.069675   -0.0765034   -0.0772285   -0.0728764   -0.0652981 
  -0.0564272   -0.0480295   -0.0417372   -0.0389028   -0.0400521   -0.0442277 
  -0.0488377   -0.0504492   -0.0463609   -0.0361673   -0.0223375   -0.0507236 
  -0.0629661   -0.0709413   -0.0743272   -0.0742394   -0.0720538   -0.0685679 
  -0.0640441    -0.058871   -0.0540556   -0.0509302   -0.0501526   -0.0507628 
  -0.0501775   -0.0454278   -0.0350487   -0.0204313   -0.0412046   -0.0525238 
  -0.0604971   -0.0653084   -0.0683667   -0.0708147   -0.0725247    -0.072325 
  -0.0692008   -0.0634481   -0.0567937   -0.0512885   -0.0477478   -0.0449351 
  -0.0402367   -0.0315342   -0.0190607   -0.0298867   -0.0399703   -0.0471302 
  -0.0519904    -0.056343   -0.0614069   -0.0666094     -0.06982   -0.0688703 
  -0.0632371   -0.0546315   -0.0460142   -0.0396917   -0.0358355   -0.0325126 
  -0.0272718   -0.0192155   -0.0187279   -0.0279881   -0.0340753   -0.0377966 
  -0.0412912   -0.0461651   -0.0520399    -0.056592   -0.0570858   -0.0523321 
  -0.0436913   -0.0343927   -0.0276053   -0.0245642   -0.0240272   -0.0234195 
  -0.0208554  -0.00991306    -0.019284   -0.0245562   -0.0263835   -0.0271278 
  -0.0290181   -0.0324848   -0.0358363   -0.0364973   -0.0329396   -0.0259622 
  -0.0184226     -0.01358   -0.0131534   -0.0163829   -0.0206919   -0.0234519 
 -0.00473262   -0.0151881    -0.020169   -0.0199092   -0.0168391   -0.0138954 
  -0.0127027    -0.012809   -0.0124124   -0.0100029  -0.00574896  -0.00166222 
-0.000421496  -0.00365083   -0.0108053   -0.0193928   -0.0263535  -0.00294983 
  -0.0149307   -0.0200546   -0.0180654   -0.0113303  -0.00337422   0.00298782 
  0.00680311   0.00882053    0.0102833    0.0115901    0.0117624   0.00906681 
  0.00233965  -0.00790769   -0.0193621   -0.0288557  -0.00323459   -0.0162297 
  -0.0215201   -0.0185429  -0.00952198   0.00176176    0.0117453    0.0184339 
   0.0216752    0.0223811     0.021344    0.0184747     0.012949   0.00410689 
  -0.0075535   -0.0200054   -0.0302412  -0.00437351   -0.0168479    -0.021753 
  -0.0186198   -0.0095036   0.00205065    0.0125244    0.0196779    0.0229764 
   0.0231042    0.0209892    0.0170005    0.0108226   0.00204463  -0.00897058 
  -0.0205681   -0.0300463  -0.00628724   -0.0160205   -0.0194768   -0.0167892 
 -0.00985803   -0.0014484   0.00589979    0.0106902    0.0126944    0.0125487 
   0.0110028   0.00828371   0.00397251  -0.00251281   -0.0111189   -0.0205721 
  -0.0284576  -0.00998272   -0.0147162   -0.0154402   -0.0133565   -0.0102427 
 -0.00762193  -0.00623977  -0.00597543  -0.00614193  -0.00601171  -0.00534147 
 -0.00465218   -0.0050791  -0.00777787   -0.0131206   -0.0201128   -0.0264501 
    -0.01831   -0.0272336   -0.0303015   -0.0277518   -0.0220923   -0.0171633 
  -0.0165967   -0.0221206   -0.0323302   -0.0426399   -0.0468676   -0.0401325 
  -0.0217839   0.00338326    0.0267498    0.0398751     0.038809    -0.028105 
  -0.0342061   -0.0340789   -0.0284393   -0.0199418   -0.0124246  -0.00959622 
  -0.0134299   -0.0228323   -0.0333974   -0.0388503   -0.0339634   -0.0176478 
  0.00562407    0.0273056     0.038779    0.0357997   -0.0405773   -0.0448595 
  -0.0421125   -0.0333987   -0.0215333   -0.0104344  -0.00399982  -0.00462807 
  -0.0118505   -0.0218817   -0.0287877   -0.0271952   -0.0153643   0.00317709 
   0.0207497    0.0291674    0.0240331   -0.0528474    -0.056672    -0.052513 
  -0.0415361   -0.0266251   -0.0117803  -0.00114402   0.00232723  -0.00178651 
  -0.0107127   -0.0192545   -0.0220751     -0.01657  -0.00470493    0.0075072 
   0.0129303   0.00714427   -0.0625096   -0.0672451   -0.0632176    -0.051449 
  -0.0347442   -0.0170877  -0.00277863   0.00471717   0.00402423  -0.00332204 
   -0.013175   -0.0204626   -0.0216723   -0.0168304   -0.0097043  -0.00588323 
 -0.00968299   -0.0683696   -0.0750367   -0.0726065   -0.0618064   -0.0452289 
  -0.0266668   -0.0103206  0.000127317   0.00255934  -0.00270841   -0.0127815 
  -0.0231711   -0.0297123   -0.0305374   -0.0269881   -0.0228351   -0.0221375 
  -0.0701601   -0.0791599   -0.0793181   -0.0710667   -0.0567217   -0.0396865 
  -0.0236897   -0.0121305  -0.00739172   -0.0101088   -0.0187074   -0.0296752 
  -0.0387608   -0.0427183   -0.0407472   -0.0347984   -0.0284816   -0.0677952 
   -0.078827   -0.0818612   -0.0771645   -0.0668018   -0.0536352   -0.0405425 
   -0.030068   -0.0242364   -0.0241784   -0.0295569   -0.0382147   -0.0465616 
  -0.0508377   -0.0487705   -0.0407372   -0.0296787   -0.0610331   -0.0732685 
   -0.078789   -0.0778771   -0.0724407   -0.0647533    -0.056599   -0.0492143 
  -0.0436833   -0.0411049   -0.0421429   -0.0462256   -0.0511248   -0.0535263 
  -0.0505457   -0.0413995   -0.0281574   -0.0499305   -0.0624051   -0.0696011 
  -0.0719454   -0.0713034   -0.0694531   -0.0670981   -0.0640184   -0.0600131 
  -0.0556934   -0.0523605   -0.0509907    -0.051129   -0.0506706   -0.0469256 
  -0.0384156   -0.0262087   -0.0356505   -0.0477106   -0.0557093   -0.0602113 
  -0.0631259   -0.0659666   -0.0686796   -0.0698486   -0.0680168   -0.0630462 
   -0.056443   -0.0503805   -0.0461431   -0.0431811    -0.039546   -0.0334776 
   -0.025025   -0.0207375   -0.0323307   -0.0404959    -0.045777   -0.0501555 
  -0.0552044   -0.0606959    -0.064658   -0.0647946   -0.0602118   -0.0522006 
  -0.0435224   -0.0367203   -0.0326604   -0.0303254   -0.0279661   -0.0247215 
 -0.00833519   -0.0199883   -0.0280456   -0.0327745   -0.0361982   -0.0402817 
  -0.0453132   -0.0496117   -0.0507197   -0.0472083   -0.0398238   -0.0311994 
  -0.0243619   -0.0210748   -0.0211222   -0.0229269   -0.0249342 -0.000711639 
  -0.0131892   -0.0211526   -0.0243521    -0.024783   -0.0250379   -0.0264967 
  -0.0285499   -0.0292876   -0.0270872   -0.0219681   -0.0158026   -0.0112874 
  -0.0104146    -0.013461    -0.019087   -0.0253269   0.00187354   -0.0119205 
  -0.0198861   -0.0211499   -0.0175997   -0.0124982  -0.00856475  -0.00669987 
 -0.00602795  -0.00505476  -0.00305866  -0.00077448  2.31229e-05  -0.00232446 
 -0.00827502   -0.0167516   -0.0256706   0.00106402   -0.0138227   -0.0217335 
  -0.0212789   -0.0141734  -0.00414967   0.00493965    0.0107636    0.0130715 
   0.0130405    0.0119904    0.0103439    0.0074435   0.00223101  -0.00574998 
  -0.0157071   -0.0256805 -0.000926545   -0.0157967   -0.0232789   -0.0217953 
  -0.0128498 -0.000222288    0.0117442    0.0198865    0.0231565    0.0223971 
   0.0192569    0.0149798   0.00978793   0.00314074  -0.00540653   -0.0153618 
  -0.0250218  -0.00290475   -0.0159514   -0.0222874    -0.020623   -0.0122444 
-0.000427392    0.0109108    0.0187142    0.0217552    0.0206523    0.0170272 
   0.0123495   0.00715669   0.00107592   -0.0064358   -0.0151608   -0.0236348 
 -0.00533529    -0.014533   -0.0187879   -0.0175987   -0.0120512  -0.00437813 
  0.00286391   0.00771617   0.00944838   0.00859223   0.00635399   0.00373695 
 0.000906218  -0.00278752   -0.0081106   -0.0150124    -0.022094   -0.0213807 
  -0.0347532   -0.0410983   -0.0400369   -0.0341342    -0.027857   -0.0256595 
  -0.0298614    -0.039166   -0.0486546   -0.0516716   -0.0431102   -0.0225937 
  0.00434943    0.0282498    0.0401736    0.0363752   -0.0301774   -0.0394737 
  -0.0418348   -0.0374635   -0.0289984   -0.0207232   -0.0169687   -0.0201373 
  -0.0291312    -0.039137   -0.0433698   -0.0363979   -0.0175045   0.00795169 
   0.0304345    0.0407941    0.0350959   -0.0417892   -0.0475703   -0.0459831 
  -0.0378534   -0.0260181   -0.0146835  -0.00812248  -0.00892447   -0.0164348 
  -0.0263447   -0.0321589   -0.0283233   -0.0135796   0.00748168    0.0260144 
   0.0332117    0.0250472   -0.0538061   -0.0573218   -0.0526258   -0.0410461 
  -0.0256511   -0.0106657 -0.000413857    0.0021738  -0.00295924   -0.0123904 
  -0.0202801   -0.0210835   -0.0127245   0.00164205    0.0146694    0.0184727 
  0.00899026   -0.0639257     -0.06677   -0.0604226    -0.046496    -0.028231 
 -0.00989345    0.0041004    0.0104088   0.00810769 -0.000532256   -0.0106162 
  -0.0167425   -0.0158326  -0.00908571  -0.00168081 -8.43517e-05  -0.00834741 
  -0.0708054   -0.0745054   -0.0682347   -0.0536614   -0.0340773   -0.0137076 
  0.00304566    0.0125533    0.0130865   0.00568939  -0.00589263   -0.0166207 
  -0.0224899   -0.0225852   -0.0195826   -0.0182108   -0.0224314     -0.07397 
  -0.0795926   -0.0749728   -0.0616709   -0.0428919    -0.022647  -0.00505544 
  0.00631573    0.0092547   0.00372863  -0.00777782   -0.0209277   -0.0312104 
  -0.0359206   -0.0353467   -0.0324016   -0.0308121   -0.0731242   -0.0810237 
   -0.079113   -0.0687811   -0.0530338   -0.0354569   -0.0195198  -0.00821991 
 -0.00372366  -0.00678673   -0.0161823   -0.0286824   -0.0399791    -0.046344 
  -0.0462359    -0.040928   -0.0337059   -0.0677157   -0.0775371   -0.0787072 
  -0.0724588   -0.0615363   -0.0489268   -0.0371142   -0.0280164   -0.0231606 
  -0.0235418   -0.0290485   -0.0379089   -0.0468176   -0.0520338   -0.0510441 
  -0.0438649   -0.0331203   -0.0573154   -0.0682777    -0.072283   -0.0704403 
  -0.0652194   -0.0589519   -0.0529823   -0.0478358   -0.0439318   -0.0420106 
  -0.0427855   -0.0460748   -0.0502027   -0.0523715   -0.0500185   -0.0423971 
  -0.0313033   -0.0425651   -0.0539091   -0.0601365   -0.0622099   -0.0623434 
  -0.0623209   -0.0624928   -0.0620398   -0.0601072   -0.0568065   -0.0532666 
  -0.0507086   -0.0493129   -0.0478394   -0.0444187   -0.0380291   -0.0295832 
  -0.0257975   -0.0371814   -0.0449438   -0.0497829   -0.0536844   -0.0581554 
  -0.0630189   -0.0665783   -0.0669295   -0.0634017   -0.0570781   -0.0500712 
  -0.0441452   -0.0397287   -0.0360368   -0.0321555   -0.0281922   -0.0105504 
  -0.0221852   -0.0309264   -0.0370072   -0.0422049    -0.048118   -0.0547319 
  -0.0602636   -0.0623294   -0.0595688   -0.0525986    -0.043697   -0.0355211 
  -0.0297912   -0.0268102   -0.0259992   -0.0268526 -3.90145e-05   -0.0124884 
  -0.0218329   -0.0276297   -0.0314516    -0.035342   -0.0401574   -0.0449092 
  -0.0474669   -0.0460615   -0.0405476   -0.0326219   -0.0249523   -0.0198705 
  -0.0184809   -0.0206182   -0.0254242   0.00444637  -0.00930003   -0.0189728 
   -0.023332   -0.0237361   -0.0228842    -0.022988   -0.0245268   -0.0262662 
   -0.026377    -0.023833   -0.0191912   -0.0143459   -0.0115313   -0.0122542 
  -0.0167455   -0.0240624   0.00405558    -0.010948   -0.0206445   -0.0230529 
  -0.0193018   -0.0127187  -0.00693597  -0.00412082  -0.00426071  -0.00574839 
 -0.00675117  -0.00647143  -0.00559057  -0.00575849  -0.00855217   -0.0145434 
  -0.0229204   0.00137796   -0.0140965   -0.0233865   -0.0240356   -0.0169312 
 -0.00573992   0.00490119    0.0114692    0.0128558    0.0103119   0.00623252 
  0.00258387 -0.000125315  -0.00283508  -0.00703162   -0.0135658     -0.02187 
 -0.00137422    -0.015887   -0.0241971   -0.0238095   -0.0153709  -0.00239811 
   0.0102684    0.0185412    0.0206664    0.0175543    0.0117928   0.00598748 
  0.00139256  -0.00244346  -0.00692674   -0.0131101   -0.0206445  -0.00366778 
  -0.0155116   -0.0221877   -0.0216709   -0.0143829  -0.00313145    0.0080013 
   0.0153666    0.0172269    0.0142504   0.00878258   0.00334477 -0.000756895 
 -0.00391181  -0.00754493   -0.0127852   -0.0193272   -0.0217902   -0.0386079 
  -0.0474011    -0.047364   -0.0412136   -0.0339542   -0.0306259   -0.0339078 
  -0.0425517   -0.0514758   -0.0538372   -0.0444796   -0.0231772   0.00424472 
     0.02801    0.0390284    0.0336555   -0.0300705   -0.0421319   -0.0465845 
   -0.043188   -0.0346479   -0.0257021   -0.0212217   -0.0239438   -0.0327638 
   -0.042592   -0.0463148   -0.0383567   -0.0181759   0.00842386    0.0314049 
   0.0413366    0.0344107   -0.0411411   -0.0484987   -0.0482077   -0.0407667 
  -0.0290272   -0.0175053   -0.0108605   -0.0118894    -0.019819   -0.0299462 
   -0.035336   -0.0302424   -0.0136506   0.00921762    0.0287907    0.0358404 
   0.0264956   -0.0528646   -0.0564528   -0.0518462    -0.040294   -0.0249071 
  -0.0100869 -0.000353707   0.00132709  -0.00484366     -0.01493   -0.0225561 
  -0.0219496   -0.0113537   0.00525351    0.0195602    0.0230928    0.0119515 
  -0.0629175   -0.0642607    -0.056512   -0.0415408   -0.0227489  -0.00451565 
  0.00868915    0.0136262   0.00973536 -0.000104513    -0.010366   -0.0153505 
  -0.0123095  -0.00338812   0.00507108   0.00583933  -0.00501196   -0.0698355 
   -0.070658   -0.0614453   -0.0444684   -0.0233603  -0.00248888    0.0137272 
   0.0217913    0.0203505     0.011092  -0.00151235   -0.0119863   -0.0165341 
  -0.0151579   -0.0117808   -0.0120346   -0.0198527   -0.0731926   -0.0749905 
  -0.0661302   -0.0490504   -0.0274811   -0.0056755    0.0121533    0.0224667 
    0.023314    0.0152496   0.00155792   -0.0127774   -0.0231818   -0.0276456 
  -0.0276241   -0.0270027   -0.0296223   -0.0729688    -0.076649   -0.0697005 
   -0.054537   -0.0348153   -0.0144747   0.00277735    0.0137701    0.0163744 
   0.0102719  -0.00248847   -0.0178009   -0.0309174   -0.0384254    -0.039714 
  -0.0370125   -0.0338887    -0.068854   -0.0745784   -0.0705479   -0.0590236 
  -0.0434236    -0.027144   -0.0130307  -0.00338605   3.9502e-05   -0.0035255 
  -0.0131992   -0.0261567   -0.0382832   -0.0457217   -0.0465689    -0.041714 
  -0.0342309   -0.0602677   -0.0675904   -0.0668354   -0.0600293    -0.050224 
  -0.0401055   -0.0313956   -0.0251158   -0.0221058   -0.0230978    -0.028164 
  -0.0360231   -0.0439535   -0.0486993   -0.0480146   -0.0419244   -0.0328197 
  -0.0471965   -0.0554462   -0.0577896   -0.0559342   -0.0524915   -0.0494197 
  -0.0473005   -0.0457439   -0.0443612   -0.0434024   -0.0435352   -0.0449975 
  -0.0469088   -0.0474361   -0.0448649   -0.0388831   -0.0311115   -0.0311309 
  -0.0398543   -0.0448192   -0.0472824   -0.0493921   -0.0525536   -0.0565267 
  -0.0597886    -0.060761    -0.058939   -0.0551259   -0.0507039   -0.0465925 
  -0.0427405   -0.0385423   -0.0338087   -0.0294407   -0.0151443   -0.0243711 
  -0.0314044   -0.0368609   -0.0424402   -0.0493357   -0.0571081   -0.0637774 
  -0.0670008   -0.0654846   -0.0596947   -0.0514871   -0.0430437   -0.0359144 
  -0.0307722   -0.0278582   -0.0275277  -0.00275588   -0.0129356   -0.0215216 
  -0.0282834   -0.0345063   -0.0415826    -0.049641   -0.0571461   -0.0616858 
  -0.0613729   -0.0559467   -0.0469393   -0.0369298   -0.0284617   -0.0232842 
  -0.0221949   -0.0252525    0.0037938  -0.00785231   -0.0175048    -0.023941 
  -0.0280711   -0.0318292   -0.0365792   -0.0420755   -0.0465733    -0.047925 
  -0.0449187   -0.0380588   -0.0294131    -0.021738   -0.0174373   -0.0178452 
  -0.0229804   0.00465201  -0.00859366   -0.0187897   -0.0237266   -0.0239749 
  -0.0221562   -0.0211987   -0.0226423   -0.0259333   -0.0290019   -0.0296653 
  -0.0269906   -0.0218751    -0.016623   -0.0138528   -0.0153339   -0.0212478 
  0.00201115   -0.0123061    -0.022448   -0.0254245   -0.0215001   -0.0138626 
 -0.00685533  -0.00376708  -0.00536671  -0.00989305   -0.0143739   -0.0164381 
   -0.015598   -0.0133689   -0.0122836   -0.0144219   -0.0202296  -0.00146494 
  -0.0156992   -0.0251489   -0.0264398   -0.0195652  -0.00791154    0.0033713 
  0.00981554   0.00961863   0.00415522  -0.00315736  -0.00891232   -0.0115045 
  -0.0117151   -0.0118884   -0.0142871   -0.0195903  -0.00429343   -0.0169857 
   -0.025156   -0.0255541   -0.0179435  -0.00539627    0.0070255    0.0145962 
    0.015061   0.00945048    0.0011795  -0.00599851  -0.00998789   -0.0111904 
  -0.0118088   -0.0141402   -0.0189239   -0.0217344   -0.0403547   -0.0504382 
  -0.0510105    -0.044936   -0.0374398   -0.0336561   -0.0362265   -0.0438898 
  -0.0517328   -0.0532647   -0.0436918   -0.0229402   0.00332807    0.0257249 
     0.03555     0.029347    -0.029543   -0.0432991   -0.0490616    -0.046334 
  -0.0379242   -0.0288331   -0.0241282   -0.0265825   -0.0350366   -0.0443881 
  -0.0476227   -0.0393326   -0.0190984   0.00728206    0.0299016    0.0395021 
   0.0323929   -0.0400685   -0.0486033   -0.0494063   -0.0426966   -0.0313446 
  -0.0200631   -0.0136907   -0.0150549   -0.0232644   -0.0334458   -0.0385561 
  -0.0328658   -0.0154909   0.00816653    0.0283894    0.0359049    0.0269136 
  -0.0514727   -0.0553433   -0.0512818   -0.0403353   -0.0255664   -0.0114499 
 -0.00258159  -0.00188386  -0.00894995   -0.0195348   -0.0269879   -0.0254479 
  -0.0133355   0.00497123    0.0207115    0.0251344    0.0143768   -0.0613077 
  -0.0617555   -0.0536334   -0.0387878   -0.0205637  -0.00329668   0.00859581 
    0.012013   0.00668598  -0.00408239   -0.0143532   -0.0182485   -0.0132428 
 -0.00209054   0.00811606   0.00962944  -0.00148533   -0.0677657   -0.0664032 
   -0.055606   -0.0378704   -0.0168354   0.00323511    0.0180596    0.0243335 
   0.0210339    0.0103424  -0.00273896   -0.0124405    -0.015167   -0.0116532 
 -0.00680487  -0.00699178   -0.0162201   -0.0703029   -0.0687402     -0.05699 
  -0.0379751   -0.0155486    0.0061245    0.0229669    0.0315959     0.030341 
   0.0202542   0.00524741  -0.00923815   -0.0186859   -0.0217855   -0.0210702 
  -0.0213183   -0.0265374   -0.0692841   -0.0687527   -0.0577719   -0.0394531 
  -0.0177064   0.00354345    0.0206411    0.0304395     0.030943    0.0222514 
  0.00710205  -0.00973937   -0.0233181   -0.0307091   -0.0323024   -0.0312767 
  -0.0314795   -0.0651109   -0.0662025   -0.0573807    -0.041736   -0.0230393 
 -0.00475428    0.0102103    0.0193976    0.0209826     0.014462   0.00140776 
  -0.0145056   -0.0286315   -0.0372618   -0.0392689   -0.0364468   -0.0322607 
  -0.0577033   -0.0603522   -0.0545333   -0.0431479   -0.0296362   -0.0167833 
 -0.00644009  8.27992e-05   0.00167819  -0.00229787   -0.0112989   -0.0230868 
  -0.0341312    -0.040972   -0.0418476   -0.0375732   -0.0310217    -0.046855 
  -0.0506008   -0.0480637   -0.0418061   -0.0347878   -0.0290018   -0.0251028 
  -0.0229913   -0.0226344   -0.0243451   -0.0283091   -0.0338393   -0.0391259 
  -0.0418927   -0.0406621   -0.0357817   -0.0294141   -0.0331587    -0.037573 
   -0.038181    -0.037037   -0.0365305   -0.0379321    -0.040867   -0.0439233 
   -0.045804   -0.0461333   -0.0454046   -0.0442574   -0.0427754   -0.0404303 
  -0.0367382   -0.0320799   -0.0279286   -0.0186103    -0.023655   -0.0270643 
  -0.0301721   -0.0347679   -0.0416675   -0.0499744   -0.0574873   -0.0619104 
   -0.062035   -0.0581771   -0.0517382   -0.0443512   -0.0372685   -0.0313345 
   -0.027344   -0.0262371  -0.00617364   -0.0122761   -0.0180795   -0.0239612 
  -0.0311257   -0.0403373   -0.0509279   -0.0607584   -0.0671438   -0.0681431 
  -0.0634491   -0.0544443   -0.0435408   -0.0333036   -0.0258313   -0.0225292 
  -0.0240498   0.00158351  -0.00620629   -0.0139569   -0.0208922   -0.0276736 
  -0.0354271     -0.04449   -0.0537243   -0.0608256    -0.063412   -0.0602404 
  -0.0518857   -0.0405898    -0.029463   -0.0214814   -0.0186788   -0.0216813 
  0.00385241  -0.00600563   -0.0151583   -0.0216061   -0.0255228   -0.0286763 
  -0.0329549   -0.0389432   -0.0453894   -0.0498325    -0.049977    -0.045016 
  -0.0361998   -0.0264092   -0.0190122   -0.0165667   -0.0198829   0.00192098 
 -0.00976955   -0.0196386   -0.0245914   -0.0243776   -0.0214498   -0.0193646 
  -0.0206813   -0.0255478   -0.0317257    -0.035962   -0.0358721   -0.0312754 
  -0.0243051   -0.0183191   -0.0162444   -0.0191847  -0.00179742    -0.014404 
  -0.0242145   -0.0273799   -0.0232999    -0.014893  -0.00701448  -0.00389095 
  -0.0069859    -0.014443   -0.0223348   -0.0269307    -0.026677   -0.0228363 
  -0.0185483   -0.0169499   -0.0194173  -0.00532003   -0.0175216   -0.0265531 
  -0.0283103   -0.0219275   -0.0103765  0.000939995   0.00689252   0.00515699 
 -0.00280598    -0.012812   -0.0203731   -0.0230605   -0.0215097   -0.0186256 
  -0.0175928   -0.0199003   -0.0235194   -0.0421102   -0.0522452   -0.0530437 
  -0.0474331   -0.0404242   -0.0366637   -0.0383397   -0.0441779    -0.049876 
   -0.049949   -0.0404641   -0.0215426   0.00177738    0.0212267    0.0291114 
   0.0223538   -0.0308892   -0.0449412   -0.0510328   -0.0486568    -0.040699 
  -0.0320847   -0.0275756   -0.0295947   -0.0369038   -0.0447776   -0.0469083 
  -0.0385312   -0.0194001   0.00512699    0.0259671    0.0346085    0.0276236 
  -0.0405688    -0.049545   -0.0509846   -0.0449841   -0.0344196   -0.0239527 
  -0.0182123   -0.0197483   -0.0275391   -0.0368852   -0.0411708   -0.0350993 
  -0.0179432   0.00513666    0.0249324    0.0326483     0.024647   -0.0513289 
  -0.0555067   -0.0522425   -0.0423917   -0.0289093   -0.0161519  -0.00851204 
 -0.00865698   -0.0159958   -0.0262809   -0.0330448   -0.0306803   -0.0177787 
  0.00128884    0.0179191    0.0235482    0.0143864   -0.0608121   -0.0610779 
  -0.0535825   -0.0399905   -0.0234374  -0.00803094   0.00206756   0.00402845 
 -0.00217655   -0.0130918   -0.0227522   -0.0253856   -0.0186737  -0.00562242 
   0.0064558   0.00968926  0.000134274   -0.0667737   -0.0643964   -0.0536258 
  -0.0368712   -0.0175135  0.000507172    0.0132244    0.0176211     0.012951 
  0.00166434   -0.0110304   -0.0193259   -0.0198516   -0.0138209  -0.00671621 
 -0.00533852   -0.0137876    -0.068184   -0.0645667   -0.0518655   -0.0330757 
  -0.0118135   0.00811769    0.0229689    0.0296142    0.0266415    0.0154344 
 0.000265349   -0.0132204   -0.0206721   -0.0213785   -0.0187107   -0.0181356 
  -0.0238459    -0.065437   -0.0618298   -0.0487374   -0.0295291  -0.00796094 
   0.0123696    0.0280762    0.0361641    0.0347991    0.0244052   0.00819925 
 -0.00865077   -0.0211863   -0.0270378   -0.0275319    -0.026696   -0.0286543 
  -0.0596421   -0.0568672   -0.0448419   -0.0270896  -0.00734336    0.0111737 
   0.0257068    0.0337892    0.0335916    0.0248532   0.00969044  -0.00761401 
  -0.0221474   -0.0305477   -0.0325379   -0.0307928   -0.0291319   -0.0516889 
  -0.0500021    -0.040158   -0.0256351  -0.00995123   0.00425713    0.0151818 
   0.0213428    0.0214466    0.0149571   0.00295986   -0.0115416   -0.0244695 
  -0.0324009    -0.034195   -0.0314579   -0.0274621   -0.0418945   -0.0410925 
   -0.034066   -0.0240667   -0.0142164  -0.00640244  -0.00126869    0.0010472 
 0.000270229  -0.00394447   -0.0113251   -0.0203722   -0.0285313   -0.0332711 
  -0.0334508   -0.0300408   -0.0256051   -0.0304766   -0.0302365   -0.0262333 
  -0.0212961   -0.0180136   -0.0175041    -0.019277   -0.0220636    -0.024863 
  -0.0274215   -0.0299173   -0.0322775   -0.0338176   -0.0335911   -0.0312193 
  -0.0275217   -0.0243342   -0.0183296    -0.018606   -0.0175704   -0.0173915 
  -0.0200405   -0.0260405   -0.0341314   -0.0419863   -0.0474323   -0.0493848 
  -0.0480135   -0.0442452   -0.0391217   -0.0335086   -0.0282514   -0.0244397 
   -0.023313  -0.00728227  -0.00851614    -0.010296   -0.0138502   -0.0204962 
  -0.0305053   -0.0425154   -0.0538813   -0.0617456   -0.0642018   -0.0609479 
  -0.0532074   -0.0431317   -0.0331074   -0.0252729   -0.0212564   -0.0219413 
 0.000550212  -0.00243279  -0.00682975   -0.0126559    -0.020575    -0.031023 
   -0.043339   -0.0555124   -0.0647458   -0.0685455   -0.0657699    -0.057135 
  -0.0449961   -0.0325832   -0.0230496    -0.018647   -0.0201795   0.00390547 
 -0.00154256  -0.00823715   -0.0148041   -0.0212798   -0.0286181   -0.0375527 
  -0.0475825   -0.0567365   -0.0622949   -0.0620795   -0.0556155    -0.044556 
  -0.0321716   -0.0221662   -0.0173514   -0.0186891   0.00311228  -0.00497129 
  -0.0134159   -0.0194695   -0.0225943   -0.0244304   -0.0274549   -0.0331838 
  -0.0410032   -0.0483184   -0.0519216   -0.0497772   -0.0422164   -0.0319067 
  -0.0226527   -0.0176833   -0.0182591 -0.000183894   -0.0103044   -0.0197084 
   -0.024515    -0.023698   -0.0195091   -0.0160472    -0.016814   -0.0226766 
  -0.0313946   -0.0389309   -0.0417333   -0.0386569   -0.0314794   -0.0238217 
  -0.0191688   -0.0190933  -0.00410432   -0.0150597   -0.0245272    -0.027958 
  -0.0239582   -0.0151026  -0.00655385  -0.00324486  -0.00722662   -0.0166792 
  -0.0270886   -0.0338247   -0.0345913   -0.0303877    -0.024574   -0.0207339 
  -0.0206263    -0.027451   -0.0444119   -0.0534998   -0.0541354   -0.0491996 
   -0.043099   -0.0395231   -0.0399244   -0.0430973   -0.0457736   -0.0440166 
  -0.0351085   -0.0193199 -0.000620097    0.0144605    0.0197151    0.0125609 
  -0.0349673   -0.0479104   -0.0533124   -0.0508937    -0.043561   -0.0358082 
   -0.031616   -0.0327379   -0.0379036   -0.0431906   -0.0435888   -0.0354083 
  -0.0185967   0.00234451    0.0197919     0.026501    0.0194603   -0.0436911 
  -0.0521821   -0.0535862   -0.0480877    -0.038544   -0.0292677   -0.0242467 
  -0.0254436   -0.0317385   -0.0390163   -0.0416882   -0.0353555   -0.0195089 
  0.00132149    0.0190711    0.0259587    0.0186785   -0.0533284    -0.057592 
  -0.0550604   -0.0465175   -0.0347792   -0.0238433   -0.0175421   -0.0180265 
  -0.0245589   -0.0332759   -0.0384665   -0.0352352   -0.0224191  -0.00401479 
   0.0121512     0.018234    0.0106835   -0.0621376   -0.0627996   -0.0566398 
  -0.0451226   -0.0310918   -0.0182225   -0.0101412  -0.00920911   -0.0152659 
  -0.0250566   -0.0331122   -0.0341904   -0.0262597   -0.0122418  0.000907717 
  0.00569411  -0.00168884   -0.0677464   -0.0656498   -0.0563895   -0.0421136 
  -0.0257794   -0.0108047 -0.000621233   0.00218409  -0.00291608   -0.0135088 
  -0.0246346    -0.030834   -0.0290576   -0.0207302   -0.0114187  -0.00791883 
  -0.0143058   -0.0684715    -0.064572   -0.0530031    -0.036517   -0.0182367 
 -0.00138744    0.0107959    0.0155562    0.0116967  0.000691182   -0.0132072 
  -0.0245017   -0.0291489   -0.0268844   -0.0215598   -0.0189933   -0.0234719 
  -0.0641937    -0.059448   -0.0466286    -0.028949  -0.00968163   0.00814001 
   0.0215666    0.0278557     0.025323    0.0145513  -0.00106114   -0.0162683 
  -0.0263138   -0.0293776   -0.0275359   -0.0254458   -0.0274381   -0.0562128 
  -0.0514035   -0.0385357   -0.0211101  -0.00246025    0.0146661    0.0278114 
   0.0345832    0.0331661    0.0234514   0.00788716  -0.00892499   -0.0220664 
  -0.0286533   -0.0292385   -0.0272721   -0.0268641   -0.0463048   -0.0418606 
   -0.030064   -0.0145289   0.00148989    0.0156968    0.0264133    0.0320337 
   0.0310987     0.023147   0.00967207  -0.00578943   -0.0188833   -0.0264396 
  -0.0280301   -0.0260242   -0.0240193   -0.0357709   -0.0317218    -0.021824 
 -0.00963727   0.00182103    0.0108752    0.0168852    0.0194409    0.0179441 
   0.0120085   0.00230245  -0.00901264   -0.0188578   -0.0246579   -0.0257273 
  -0.0236464   -0.0212758   -0.0251763   -0.0213401   -0.0138073  -0.00589998 
 -0.00025125   0.00216182   0.00182326 -0.000280706  -0.00352894  -0.00781275 
  -0.0130085   -0.0183892    -0.022617   -0.0244492   -0.0236639   -0.0214529 
  -0.0198575   -0.0148233    -0.011162  -0.00619893  -0.00278204  -0.00304132 
 -0.00733519   -0.0142655   -0.0216113    -0.027482   -0.0309794   -0.0321249 
  -0.0313543   -0.0291121   -0.0258584   -0.0223581   -0.0198229   -0.0195614 
 -0.00537717  -0.00230703 -3.00212e-05 -0.000614212  -0.00559585    -0.014966 
  -0.0269435    -0.038648    -0.047255   -0.0510024   -0.0496147   -0.0441118 
  -0.0362894   -0.0282017   -0.0217937   -0.0186114   -0.0194555   0.00201641 
  0.00359592   0.00306085 -0.000532542  -0.00806003   -0.0195078   -0.0334604 
  -0.0472613   -0.0578152   -0.0626627   -0.0608441   -0.0532112   -0.0421211 
  -0.0306886   -0.0218885   -0.0177628   -0.0188947   0.00626775   0.00530393 
  0.00188611   -0.0035073   -0.0110492   -0.0210814   -0.0333101   -0.0462462 
  -0.0573213   -0.0637183   -0.0635442   -0.0567572   -0.0453702   -0.0328067 
  -0.0226866   -0.0175579   -0.0180624   0.00705535   0.00287181  -0.00326218 
 -0.00930633   -0.0147248   -0.0204526   -0.0278368   -0.0372615   -0.0473554 
  -0.0553263   -0.0582812   -0.0547878   -0.0457808   -0.0342937   -0.0241548 
  -0.0183279   -0.0177082    0.0050666  -0.00221976   -0.0105172     -0.01633 
  -0.0184641   -0.0184833   -0.0194828   -0.0239524   -0.0320401   -0.0412694 
  -0.0478651   -0.0488729   -0.0438086    -0.034904   -0.0258745   -0.0199734 
  -0.0184208   0.00155182  -0.00788655   -0.0174366   -0.0225176   -0.0213979 
  -0.0161002   -0.0111266    -0.010761    -0.016556   -0.0264733   -0.0361252 
  -0.0412985   -0.0402244   -0.0343091    -0.027032   -0.0218079   -0.0201131 
  -0.0313244   -0.0456105   -0.0529088   -0.0530448   -0.0487682    -0.043665 
  -0.0402598   -0.0392075   -0.0395093   -0.0391953   -0.0361045   -0.0287658 
  -0.0173748  -0.00444052   0.00561669   0.00824066   0.00122263   -0.0402124 
  -0.0509254   -0.0547676   -0.0518514   -0.0450533    -0.038198   -0.0342083 
  -0.0340353   -0.0364954   -0.0387926   -0.0375654   -0.0303631   -0.0171866 
 -0.00128898    0.0116113    0.0158055   0.00866942   -0.0485167    -0.055562 
  -0.0561212   -0.0506605   -0.0420052   -0.0338917   -0.0293622   -0.0296153 
  -0.0335305   -0.0379394   -0.0387264   -0.0326742   -0.0194404  -0.00255288 
   0.0115632    0.0165038   0.00936067   -0.0568401   -0.0606668   -0.0583912 
  -0.0508979   -0.0408692   -0.0317448   -0.0265023   -0.0265876   -0.0312033 
  -0.0372503   -0.0402807   -0.0364798   -0.0249528  -0.00897617   0.00493027 
   0.0100788   0.00330426   -0.0645639   -0.0657721   -0.0610711   -0.0518217 
  -0.0405683   -0.0303829   -0.0240975   -0.0234321   -0.0281211   -0.0354876 
  -0.0410854   -0.0406167   -0.0324112   -0.0189918  -0.00641632  -0.00132015 
 -0.00717617   -0.0698453   -0.0689526   -0.0620845   -0.0511086   -0.0385049 
  -0.0270156   -0.0193219   -0.0174358   -0.0217432   -0.0302184    -0.038658 
  -0.0423749   -0.0387566   -0.0291733   -0.0187661   -0.0138434    -0.018243 
    -0.07065   -0.0680838   -0.0592708   -0.0465699    -0.032488   -0.0195225 
  -0.0102174  -0.00684226   -0.0104389   -0.0197389   -0.0309607   -0.0391664 
  -0.0407784   -0.0357966   -0.0281294   -0.0235178   -0.0261439   -0.0660481 
  -0.0622422    -0.051876   -0.0377332   -0.0224078  -0.00821505   0.00247536 
  0.00727059   0.00460484  -0.00499931   -0.0183338    -0.030454   -0.0370139 
  -0.0366802   -0.0319942   -0.0279181   -0.0288234    -0.056827   -0.0522503 
   -0.040999   -0.0261795   -0.0104748   0.00399325    0.0151658    0.0207951 
   0.0190751   0.00991336  -0.00418568   -0.0186343   -0.0287622   -0.0322344 
  -0.0303158   -0.0270372   -0.0266747   -0.0450261   -0.0400753   -0.0287948 
  -0.0145006  9.28231e-05    0.0131516    0.0231636    0.0284144    0.0272789 
   0.0193034   0.00621308  -0.00818922   -0.0195451   -0.0251149   -0.0252168 
  -0.0229095    -0.022026   -0.0328103   -0.0276679   -0.0171839  -0.00476925 
  0.00692719    0.0164974    0.0232424    0.0264049    0.0250262    0.0186479 
  0.00824691  -0.00353346   -0.0133298   -0.0187423   -0.0196629   -0.0182871 
  -0.0176972   -0.0215312    -0.016164  -0.00708935   0.00231841   0.00959221 
   0.0138561    0.0153972     0.014721    0.0119529    0.0070219  0.000331692 
 -0.00681705   -0.0125866   -0.0156157   -0.0159623   -0.0152074   -0.0155109 
  -0.0115653   -0.0059466   0.00133097   0.00712168   0.00926051   0.00740336 
  0.00276882  -0.00285357  -0.00806794   -0.0122347   -0.0152136   -0.0169356 
  -0.0172819   -0.0163744   -0.0149383   -0.0142673   -0.0156116  -0.00284597 
  0.00270914   0.00788298    0.0100457   0.00745795  0.000161769   -0.0100482 
  -0.0204678   -0.0285957    -0.032936   -0.0332258   -0.0302065     -0.02524 
  -0.0199785   -0.0160831   -0.0148738   -0.0168743   0.00450851   0.00914549 
   0.0118339    0.0108367   0.00496879  -0.00560992   -0.0191484   -0.0327596 
  -0.0433627   -0.0486945   -0.0479965   -0.0421764   -0.0334537   -0.0246481 
  -0.0183327   -0.0160747   -0.0179631    0.0100115    0.0124844     0.012229 
  0.00879834   0.00168706  -0.00913741   -0.0226951   -0.0368317    -0.048642 
  -0.0553893   -0.0555474   -0.0494897   -0.0394667   -0.0288293    -0.020796 
  -0.0172789   -0.0182473    0.0131226    0.0122783   0.00874389   0.00366134 
 -0.00269799   -0.0108062   -0.0210656   -0.0328753   -0.0442543    -0.052382 
  -0.0548464    -0.050922   -0.0421202   -0.0316437   -0.0229879   -0.0184054 
  -0.0180054    0.0136648   0.00900957   0.00226899  -0.00375202  -0.00797419 
  -0.0114079   -0.0161285   -0.0235458   -0.0330956   -0.0422164   -0.0476581 
  -0.0473243   -0.0415108   -0.0327888     -0.02462   -0.0195395   -0.0179464 
   0.0119426   0.00395001  -0.00535481   -0.0117227   -0.0133362    -0.011667 
  -0.0103365   -0.0127099   -0.0197208   -0.0292534   -0.0374094   -0.0408113 
  -0.0384899   -0.0322422   -0.0253502   -0.0205579   -0.0185661   -0.0319467 
  -0.0432736   -0.0486049   -0.0481412   -0.0444508   -0.0402929   -0.0371059 
  -0.0348962   -0.0330113   -0.0308071   -0.0277455   -0.0232866   -0.0171827 
  -0.0102145  -0.00465072   -0.0036147   -0.0093351   -0.0434485    -0.051348 
  -0.0531544   -0.0494132   -0.0429386   -0.0368312   -0.0329531   -0.0315408 
  -0.0316443   -0.0317077   -0.0299929   -0.0250802   -0.0166887  -0.00650163 
  0.00181583   0.00398228   -0.0025615   -0.0524613   -0.0572833   -0.0562615 
  -0.0502537   -0.0420583   -0.0347624    -0.030396   -0.0294201   -0.0308574 
  -0.0326758   -0.0323454   -0.0277598   -0.0184856  -0.00671153   0.00302225 
    0.005712  -0.00135688   -0.0598963   -0.0625379   -0.0597153   -0.0525639 
  -0.0436738   -0.0358525   -0.0311151   -0.0301814   -0.0323296   -0.0354805 
  -0.0366909   -0.0333022   -0.0245275   -0.0125922  -0.00237619  0.000754111 
 -0.00604552   -0.0663373    -0.067664   -0.0638477   -0.0562917   -0.0472993 
  -0.0392716   -0.0341201   -0.0328715   -0.0352824   -0.0395558   -0.0426141 
  -0.0413077   -0.0342626   -0.0232894   -0.0131441   -0.0093086   -0.0148541 
  -0.0711091   -0.0715685   -0.0670365   -0.0591971   -0.0501004   -0.0417506 
  -0.0359501   -0.0340674   -0.0364615   -0.0418137   -0.0470846   -0.0486559 
  -0.0443704   -0.0352621   -0.0256037   -0.0208308   -0.0243771   -0.0725206 
  -0.0721257   -0.0666979   -0.0582159   -0.0485813   -0.0395006   -0.0327049 
  -0.0298991   -0.0320592   -0.0384218   -0.0460963   -0.0510507   -0.0502637 
  -0.0437762   -0.0351266   -0.0295641     -0.03095   -0.0690521    -0.067645 
  -0.0610326   -0.0514812   -0.0408628   -0.0307066   -0.0226939   -0.0187854 
  -0.0204781   -0.0275522   -0.0373701   -0.0456456   -0.0485987   -0.0452525 
  -0.0382699   -0.0325462   -0.0322804   -0.0605483   -0.0580855   -0.0502557 
  -0.0395796   -0.0279876   -0.0169061  -0.00791213  -0.00303286  -0.00407217 
  -0.0112669   -0.0223578   -0.0331028     -0.03929   -0.0391237   -0.0343777 
  -0.0293979   -0.0284555   -0.0485166   -0.0451522   -0.0364715   -0.0252027 
  -0.0133681  -0.00228423   0.00673524    0.0119085    0.0114591   0.00486323 
  -0.0061235   -0.0177069   -0.0257662   -0.0281032   -0.0257419    -0.022305 
  -0.0217527   -0.0353463   -0.0312977   -0.0224007   -0.0115434 -0.000820953 
  0.00864159    0.0160301    0.0202003    0.0198273    0.0143586   0.00498004 
 -0.00537496   -0.0132908    -0.016736   -0.0162789   -0.0147345   -0.0153612 
  -0.0230681   -0.0184453  -0.00997961 -0.000657781   0.00741128     0.013399 
   0.0172139    0.0187127    0.0174454    0.0131518   0.00649863  -0.00072909 
 -0.00636553  -0.00913616   -0.0095499  -0.00966579   -0.0117578   -0.0125378 
 -0.00735573  0.000178631   0.00709379    0.0113592    0.0125018    0.0112366 
   0.0085993   0.00529897   0.00167514  -0.00193386  -0.00493873  -0.00672469 
 -0.00721785  -0.00726306  -0.00834141   -0.0116481  -0.00351301   0.00206014 
  0.00825982    0.0123483    0.0124994   0.00855421   0.00187325   -0.0054739 
  -0.0116158   -0.0154211   -0.0165834   -0.0154647   -0.0129409   -0.0102911 
 -0.00896933   -0.0101256   -0.0139844   0.00461225   0.00994738    0.0143224 
    0.015581    0.0122649   0.00437766  -0.00650505   -0.0177931   -0.0267974 
  -0.0316025    -0.031607   -0.0276295   -0.0216063   -0.0159718   -0.0128584 
  -0.0133239   -0.0168861     0.012061    0.0159836    0.0178466    0.0165128 
   0.0110848    0.0015104   -0.0110312   -0.0242141   -0.0351672   -0.0414113 
    -0.04178   -0.0369308   -0.0291749   -0.0216215   -0.0169435   -0.0162817 
  -0.0187851    0.0184171    0.0195113    0.0181013    0.0144884   0.00852703 
-9.63677e-05    -0.011211    -0.023588   -0.0349172   -0.0425175   -0.0445075 
  -0.0408128   -0.0333892   -0.0254277   -0.0198825   -0.0180738   -0.0191059 
   0.0228843     0.020081    0.0149027   0.00934557   0.00415148  -0.00136811 
 -0.00845842   -0.0175983   -0.0276459   -0.0360896   -0.0403262   -0.0391856 
  -0.0337207   -0.0267114   -0.0211404   -0.0185451   -0.0182247    0.0247352 
   0.0178548   0.00903048   0.00192818  -0.00179921  -0.00319538  -0.00498289 
 -0.00953168   -0.0171366   -0.0257072   -0.0320403   -0.0338099   -0.0309651 
   -0.025647   -0.0207284   -0.0179683   -0.0169702   -0.0275704   -0.0364687 
  -0.0403497   -0.0396305   -0.0366574   -0.0334983   -0.0307739   -0.0281037 
  -0.0252693   -0.0227671   -0.0212574   -0.0206328   -0.0198433   -0.0178842 
   -0.015149    -0.013827   -0.0166965   -0.0419912   -0.0472134   -0.0471493 
  -0.0426755   -0.0365085   -0.0311223   -0.0275356   -0.0255118   -0.0244528 
  -0.0239227   -0.0234395   -0.0221185   -0.0189732   -0.0139539  -0.00885276 
 -0.00698576    -0.011408   -0.0528021   -0.0550778   -0.0521453   -0.0452327 
  -0.0371155   -0.0303091    -0.025999   -0.0241146   -0.0239578   -0.0245901 
  -0.0247994   -0.0231642   -0.0187344   -0.0121229  -0.00605633    -0.004504 
  -0.0104945   -0.0602831   -0.0610358   -0.0568723   -0.0492375    -0.040682 
  -0.0334517   -0.0287173   -0.0266338   -0.0267028   -0.0279084   -0.0286811 
  -0.0272173   -0.0224673   -0.0153252   -0.0089827  -0.00770222   -0.0143885 
  -0.0656904   -0.0662847   -0.0623144   -0.0553395   -0.0475149   -0.0406362 
  -0.0357664    -0.033354   -0.0333322   -0.0349152   -0.0364146   -0.0356834 
  -0.0313634   -0.0242522   -0.0176302   -0.0158646   -0.0218383   -0.0697128 
  -0.0708444   -0.0676988   -0.0619096   -0.0552082    -0.048917   -0.0439902 
  -0.0412234   -0.0411001   -0.0432115   -0.0458411   -0.0464492   -0.0431554 
  -0.0363557   -0.0291702   -0.0260255   -0.0299959   -0.0717104   -0.0732527 
  -0.0706663   -0.0656641   -0.0596473   -0.0535724   -0.0483517   -0.0451503 
   -0.045009   -0.0479082   -0.0521039   -0.0546068   -0.0528741   -0.0467098 
  -0.0389303   -0.0340268   -0.0354534   -0.0702311   -0.0715549   -0.0687366 
  -0.0635915   -0.0573472    -0.050767   -0.0448065   -0.0409732   -0.0407813 
  -0.0445387   -0.0504714   -0.0551702    -0.055435   -0.0504281   -0.0425822 
  -0.0364079   -0.0357763   -0.0642925   -0.0647827   -0.0609951   -0.0548625 
  -0.0475972    -0.039931    -0.032903   -0.0282582   -0.0278231   -0.0321433 
  -0.0394726   -0.0461628   -0.0485548   -0.0452724   -0.0383262   -0.0320973 
  -0.0306976   -0.0543619   -0.0537715   -0.0487586   -0.0413775   -0.0329421 
  -0.0242423   -0.0163435   -0.0110191   -0.0101638   -0.0144503   -0.0222854 
  -0.0301131   -0.0342021   -0.0328972    -0.027798   -0.0229249   -0.0222677 
  -0.0422743   -0.0407245   -0.0347738   -0.0266017   -0.0176815  -0.00885647 
 -0.00105294   0.00424101   0.00538791   0.00174226  -0.00539518    -0.012969 
  -0.0176864   -0.0179974   -0.0151791   -0.0126525   -0.0138418   -0.0301868 
  -0.0279121   -0.0216071   -0.0135776  -0.00545849   0.00193139   0.00802967 
   0.0119909    0.0128051    0.0100651   0.00470367  -0.00108749  -0.00496385 
 -0.00591674  -0.00507253  -0.00509777  -0.00845928   -0.0193877   -0.0165142 
  -0.0104307  -0.00353731   0.00241954   0.00673947   0.00940694    0.0104997 
  0.00995399   0.00784096   0.00477182   0.00188359  0.000212824 -0.000146892 
-0.000392715  -0.00241638  -0.00750252  -0.00981507  -0.00640705  -0.00100122 
  0.00402858   0.00692887   0.00716812   0.00530117   0.00238852 -0.000550074 
 -0.00277117  -0.00381283  -0.00352986  -0.00227877  -0.00107231  -0.00137731 
 -0.00442268   -0.0103042 -0.000542548   0.00310012   0.00735782    0.0101431 
  0.00986215   0.00612241 -0.000159876  -0.00720161   -0.0130497   -0.0162297 
  -0.0161804   -0.0134314  -0.00949318  -0.00641752  -0.00604277  -0.00912945 
  -0.0147801   0.00922398     0.012276     0.014693    0.0150737    0.0122096 
  0.00574471  -0.00346717   -0.0134885   -0.0218848   -0.0265788   -0.0266662 
   -0.022861    -0.017321   -0.0128206   -0.0115398   -0.0139854   -0.0185952 
    0.019368    0.0205021    0.0201318    0.0180058    0.0135575   0.00634037 
  -0.0033756   -0.0142306   -0.0239545   -0.0301589   -0.0314287   -0.0281404 
  -0.0224724   -0.0174622   -0.0154983   -0.0170229   -0.0201809    0.0287559 
   0.0265783    0.0224863    0.0177682    0.0127293   0.00674395 -0.000942994 
  -0.0102132   -0.0195975   -0.0267539   -0.0297055   -0.0280861   -0.0235457 
  -0.0189441   -0.0167214    -0.017402   -0.0191644    0.0357427    0.0294341 
    0.021148    0.0138789     0.008935    0.0055087   0.00162039  -0.00421948 
   -0.011754   -0.0189837   -0.0234343   -0.0238231   -0.0209687   -0.0172875 
  -0.0151758   -0.0153436    -0.016219   -0.0193837   -0.0270465    -0.030615 
  -0.0304849   -0.0287178   -0.0268505   -0.0249797   -0.0225755   -0.0198557 
  -0.0181673   -0.0189018   -0.0219664   -0.0253619   -0.0265096   -0.0244105 
  -0.0208678   -0.0196144   -0.0355362   -0.0389548   -0.0379212   -0.0334252 
   -0.028015   -0.0236812   -0.0208942   -0.0192098   -0.0184237   -0.0189431 
  -0.0210224   -0.0237711   -0.0251877   -0.0235682    -0.019276    -0.015291 
  -0.0157398   -0.0484162   -0.0484906   -0.0440198   -0.0364474   -0.0284872 
  -0.0222304   -0.0183074   -0.0163933   -0.0161446   -0.0174739    -0.019968 
  -0.0222885   -0.0225474   -0.0197376   -0.0151416   -0.0123343   -0.0153186 
  -0.0568666   -0.0554421   -0.0496153   -0.0410708   -0.0323366   -0.0252542 
  -0.0204232   -0.0177045   -0.0169291   -0.0179684   -0.0201735   -0.0220178 
  -0.0217211   -0.0187018   -0.0147205   -0.0134997   -0.0186436   -0.0618811 
  -0.0609004   -0.0558055   -0.0483281   -0.0405474   -0.0338163    -0.028591 
  -0.0249904   -0.0232605    -0.023546   -0.0252229   -0.0266694   -0.0260942 
  -0.0230587   -0.0194794   -0.0190166   -0.0248868   -0.0650862   -0.0657514 
  -0.0626312   -0.0573877   -0.0515481   -0.0459075   -0.0407682   -0.0365646 
  -0.0340654   -0.0337993   -0.0352126   -0.0365179   -0.0357298   -0.0323253 
  -0.0282211   -0.0270369   -0.0318329   -0.0671958   -0.0695785   -0.0684482 
  -0.0653678   -0.0613718   -0.0567976   -0.0518766   -0.0473931   -0.0446193 
     -0.0444   -0.0461394   -0.0477311   -0.0468214   -0.0426664   -0.0371615 
  -0.0340346   -0.0364936   -0.0675528   -0.0708219   -0.0707135   -0.0687168 
  -0.0655464   -0.0612946   -0.0562615   -0.0515901   -0.0489514   -0.0493506 
  -0.0519984   -0.0543478   -0.0535924   -0.0487299   -0.0416691   -0.0363758 
  -0.0364109   -0.0649304   -0.0679983   -0.0676386   -0.0653082   -0.0616122 
  -0.0566411   -0.0508968   -0.0458492   -0.0434224   -0.0446283   -0.0484074 
  -0.0517892   -0.0515805    -0.046577    -0.038721   -0.0322068    -0.030934 
  -0.0587907   -0.0609437   -0.0594495   -0.0557658   -0.0505733   -0.0441508 
  -0.0372618    -0.031601    -0.029171   -0.0308829   -0.0354602    -0.039709 
  -0.0402874   -0.0359349   -0.0286016   -0.0225264   -0.0216881   -0.0499204 
  -0.0510634   -0.0482763   -0.0430446   -0.0362481   -0.0284396   -0.0205845 
  -0.0144028   -0.0117585    -0.013386   -0.0179497   -0.0223794   -0.0235635 
  -0.0204074   -0.0148187   -0.0107746   -0.0119019   -0.0399569   -0.0404044 
  -0.0367602   -0.0305683    -0.022961    -0.014738  -0.00689316 -0.000884568 
  0.00182963  0.000778522  -0.00282043  -0.00641282  -0.00755076  -0.00557286 
 -0.00231261  -0.00116325  -0.00493534   -0.0302382   -0.0303114   -0.0264507 
  -0.0202807   -0.0131737  -0.00607437  0.000218678    0.0048142   0.00693926 
  0.00651086   0.00452212   0.00270711    0.0024824   0.00382175   0.00495053 
  0.00328956  -0.00279924   -0.0209198   -0.0207192   -0.0171772   -0.0119687 
 -0.00662868  -0.00212739   0.00109668   0.00292216   0.00346247   0.00315956 
  0.00280037   0.00318896   0.00452641    0.0059356   0.00564496   0.00196558 
 -0.00541693   -0.0110393    -0.010586  -0.00778043  -0.00420251  -0.00140192 
-0.000293344 -0.000949465   -0.0027446  -0.00466595  -0.00566422   -0.0050253 
 -0.00274642  0.000229223   0.00216897   0.00124468  -0.00342174   -0.0109013 
 0.000548556  0.000933677   0.00247445   0.00398197   0.00411349   0.00202918 
  -0.0021763  -0.00743696   -0.0120837   -0.0145015   -0.0138602   -0.0106271 
 -0.00656955  -0.00409999  -0.00512818  -0.00991353   -0.0165558    0.0140701 
   0.0134977    0.0129315    0.0119913    0.0098185   0.00561932 -0.000700779 
 -0.00817204   -0.0149405    -0.019015     -0.01928   -0.0162424   -0.0120139 
 -0.00937709   -0.0103019   -0.0146753   -0.0200071    0.0283139    0.0254626 
   0.0217122    0.0179254    0.0140122   0.00918885   0.00278302  -0.00493513 
  -0.0124939   -0.0178179   -0.0194149   -0.0174328   -0.0138376   -0.0114412 
  -0.0122313   -0.0159705   -0.0199737    0.0409792    0.0346377    0.0267885 
     0.01984    0.0146894    0.0105637   0.00594584 -5.19324e-05  -0.00681352 
  -0.0124747   -0.0151754   -0.0144574   -0.0117941  -0.00977666   -0.0103912 
  -0.0134884   -0.0165073   -0.0108776   -0.0187748   -0.0234396   -0.0250227 
  -0.0252177   -0.0251203   -0.0244762   -0.0227055   -0.0203716   -0.0194044 
  -0.0216367    -0.026884   -0.0323973   -0.0344825   -0.0312634    -0.024492 
  -0.0188776    -0.026432   -0.0294229   -0.0288546   -0.0255731   -0.0218414 
  -0.0192527    -0.017941   -0.0174168   -0.0178168   -0.0200875   -0.0247961 
  -0.0307345   -0.0348835   -0.0342295   -0.0282592   -0.0201378   -0.0153558 
  -0.0404995   -0.0393781    -0.034482   -0.0272309   -0.0201719   -0.0150792 
  -0.0122813   -0.0114143   -0.0124715   -0.0158881   -0.0215162   -0.0276065 
  -0.0311313   -0.0296749   -0.0236257   -0.0168262   -0.0147798   -0.0502692 
  -0.0470488   -0.0400262   -0.0309442   -0.0222485   -0.0155176   -0.0110659 
 -0.00871486  -0.00864529   -0.0112973    -0.016362   -0.0219803   -0.0252845 
  -0.0242921   -0.0198264   -0.0157871   -0.0171433   -0.0556016   -0.0526907 
  -0.0461317   -0.0377226   -0.0294666   -0.0224445   -0.0168054   -0.0126164 
   -0.010504   -0.0112858   -0.0148589   -0.0194959   -0.0225251    -0.022216 
  -0.0194986   -0.0179888   -0.0219188   -0.0582014   -0.0574088   -0.0532456 
  -0.0473719    -0.041163   -0.0350691   -0.0290275   -0.0233927   -0.0193417 
  -0.0181897   -0.0201219   -0.0235443   -0.0258956     -0.02556   -0.0234574 
  -0.0229058   -0.0275378   -0.0598558   -0.0617291   -0.0605443   -0.0577448 
  -0.0540856   -0.0494543   -0.0436462   -0.0373248   -0.0321639   -0.0298507 
  -0.0306842   -0.0330186   -0.0342518   -0.0328194   -0.0297053   -0.0281583 
  -0.0315594   -0.0611007   -0.0649313   -0.0659459   -0.0653844   -0.0635492 
  -0.0599945   -0.0545391   -0.0481669   -0.0428934   -0.0405094   -0.0411307 
  -0.0428131   -0.0427767    -0.039518    -0.034252   -0.0304598   -0.0316318 
   -0.061174   -0.0656199   -0.0673154   -0.0673505   -0.0658222   -0.0622582 
  -0.0567041   -0.0504704   -0.0457339   -0.0441162   -0.0452943   -0.0468622 
  -0.0458169   -0.0407766   -0.0333313   -0.0273857   -0.0267312   -0.0590311 
  -0.0629492   -0.0639375   -0.0629848    -0.060224   -0.0554403   -0.0490738 
  -0.0427419   -0.0386257   -0.0379997   -0.0400086   -0.0418068    -0.040262 
  -0.0342067   -0.0256414   -0.0188644   -0.0178917    -0.054411   -0.0573968 
  -0.0570461   -0.0542773   -0.0494354   -0.0427446   -0.0351005   -0.0283451 
  -0.0245268   -0.0245136   -0.0270146   -0.0289698   -0.0273537   -0.0213238 
  -0.0132049  -0.00742913   -0.0079096   -0.0480399   -0.0504021   -0.0489281 
  -0.0444897   -0.0377347   -0.0293682   -0.0206611   -0.0135053   -0.0096685 
 -0.00962348   -0.0118669   -0.0134852   -0.0118871  -0.00667818 -0.000342114 
  0.00295304 -0.000134794   -0.0408724    -0.043171   -0.0412642   -0.0360074 
  -0.0283601   -0.0194251   -0.0106488  -0.00372102  4.99077e-05  0.000572534 
-0.000674818  -0.00129647  0.000532804   0.00464134   0.00855928   0.00878391 
    0.002998   -0.0331015   -0.0356568   -0.0339991   -0.0289847   -0.0218242 
  -0.0138602  -0.00647544 -0.000901665   0.00219072   0.00311423   0.00317204 
  0.00398651   0.00638386   0.00954252    0.0111299   0.00859104  0.000936108 
  -0.0238329   -0.0265914   -0.0256228    -0.021738   -0.0162723   -0.0106396 
 -0.00598749  -0.00294257  -0.00143667 -0.000711617  0.000343847   0.00252349 
  0.00559983   0.00809003   0.00785172   0.00337255  -0.00493556   -0.0117527 
  -0.0145871   -0.0146388   -0.0125083  -0.00946033  -0.00685236  -0.00557727 
 -0.00571727   -0.0065291  -0.00680447   -0.0055274  -0.00257628  0.000919032 
  0.00290109   0.00141094  -0.00411652   -0.0120274   0.00368414   0.00051262 
 -0.00109121  -0.00121745 -0.000804856  -0.00108324  -0.00284532   -0.0059211 
 -0.00915688     -0.01098   -0.0103235  -0.00742992  -0.00401334  -0.00252873 
 -0.00479438   -0.0106681   -0.0175914    0.0214018    0.0170294    0.0129857 
   0.0100724   0.00796211   0.00558148   0.00197191  -0.00289107   -0.0078583 
  -0.0111777   -0.0116076  -0.00940196  -0.00647092   -0.0054474  -0.00807041 
  -0.0138049   -0.0196095    0.0387823     0.032005    0.0244814    0.0182516 
   0.0138562    0.0103994   0.00649851   0.00149142  -0.00391352  -0.00802264 
 -0.00936808  -0.00793408  -0.00549154  -0.00466249  -0.00718168   -0.0124357 
   -0.017303  -0.00552514   -0.0148611    -0.021746   -0.0259824    -0.028843 
  -0.0309815   -0.0317866   -0.0305453   -0.0279936    -0.026474   -0.0282495 
  -0.0333141   -0.0386987   -0.0401882   -0.0354073   -0.0260087   -0.0172064 
  -0.0181128   -0.0220817   -0.0234443   -0.0227131   -0.0217412   -0.0217089 
  -0.0224528   -0.0234257   -0.0249698   -0.0283527   -0.0343037   -0.0413772 
  -0.0459045    -0.044103    -0.035051   -0.0222647   -0.0123921   -0.0317292 
  -0.0307668   -0.0269632   -0.0214833    -0.016556   -0.0136373   -0.0128516 
  -0.0138535    -0.016864   -0.0225591   -0.0307365   -0.0390855   -0.0435975 
  -0.0408938   -0.0310102   -0.0184548   -0.0103348   -0.0424053   -0.0383777 
  -0.0313527   -0.0229055    -0.015264  -0.00978209  -0.00665104  -0.00577677 
 -0.00761046   -0.0128281   -0.0209932   -0.0295454   -0.0344725   -0.0327104 
  -0.0247174   -0.0151561   -0.0107433   -0.0484885   -0.0440092   -0.0365333 
  -0.0277371   -0.0194548   -0.0125811  -0.00717664  -0.00344177   -0.0023496 
 -0.00505405   -0.0114275   -0.0191156   -0.0243252    -0.024208     -0.01924 
  -0.0136686   -0.0133079   -0.0508958   -0.0482925   -0.0428541   -0.0361031 
  -0.0292163   -0.0224215    -0.015545  -0.00909767   -0.0046993  -0.00417925 
 -0.00793511   -0.0139902   -0.0188398   -0.0197932   -0.0171854   -0.0146723 
  -0.0170772   -0.0517798   -0.0522045   -0.0500623   -0.0465923   -0.0422594 
  -0.0366342   -0.0293336   -0.0211683    -0.014332   -0.0112048   -0.0125688 
  -0.0167077   -0.0203415   -0.0209479   -0.0188202   -0.0172144   -0.0202335 
  -0.0527633   -0.0559017   -0.0567511   -0.0562625   -0.0543355   -0.0500983 
  -0.0431099   -0.0344621   -0.0267058   -0.0224169   -0.0223772   -0.0248314 
  -0.0265944   -0.0253868   -0.0217277   -0.0188756   -0.0206531   -0.0540215 
  -0.0585399    -0.060932   -0.0619269   -0.0611287   -0.0575659   -0.0509732 
  -0.0427185   -0.0354529   -0.0315303   -0.0313008   -0.0326572   -0.0323971 
  -0.0285919   -0.0222757   -0.0171018   -0.0169972   -0.0546597   -0.0591018 
  -0.0613465   -0.0619697   -0.0605702    -0.056436   -0.0497186   -0.0420736 
  -0.0360449   -0.0334483   -0.0339113   -0.0348054   -0.0328896   -0.0266877 
  -0.0179247   -0.0108403  -0.00961995   -0.0537803   -0.0573731   -0.0584037 
  -0.0573284   -0.0539651    -0.048133   -0.0405671   -0.0332081    -0.028371 
  -0.0272036   -0.0285657   -0.0293637   -0.0264219   -0.0187883  -0.00886563 
  -0.0013835 -0.000644583   -0.0512024   -0.0541154   -0.0538612   -0.0507776 
  -0.0450212   -0.0370615   -0.0282447   -0.0207344   -0.0165541   -0.0162261 
  -0.0180284   -0.0186702   -0.0152557  -0.00739241   0.00202902    0.0081421 
  0.00690771   -0.0472554   -0.0502368   -0.0493884   -0.0449268   -0.0373635 
  -0.0277754   -0.0179919   -0.0102488  -0.00622003   -0.0059316  -0.00739357 
 -0.00749776  -0.00389598   0.00323864    0.0108173    0.0143204    0.0104561 
   -0.041966   -0.0456875   -0.0451242   -0.0403807   -0.0322609   -0.0222827 
  -0.0125185  -0.00505473  -0.00113131  -0.00039988 -0.000905732 -8.10558e-05 
  0.00363621   0.00952152    0.0145775    0.0150873    0.0089337   -0.0345011 
  -0.0391081   -0.0394276    -0.035453   -0.0281617    -0.019291   -0.0108926 
 -0.00468702  -0.00138691 -0.000334268  0.000202863   0.00203452   0.00580398 
   0.0102698    0.0127328    0.0105747   0.00309833   -0.0234996   -0.0286714 
  -0.0301182   -0.0276676   -0.0223036   -0.0157729  -0.00992261   -0.0059936 
 -0.00413486  -0.00339585  -0.00230211  0.000180274   0.00379539   0.00684579 
   0.0070147   0.00284979  -0.00492381  -0.00815405   -0.0135813   -0.0163399 
   -0.015935   -0.0131484  -0.00958077  -0.00683799  -0.00574454  -0.00597106 
 -0.00629445  -0.00541086  -0.00289583  0.000265346    0.0020099  0.000367818 
 -0.00510332   -0.0124856    0.0107442   0.00486457  0.000325168  -0.00180155 
 -0.00185512  -0.00120121  -0.00131378  -0.00284265  -0.00520623  -0.00697922 
 -0.00689151  -0.00485113  -0.00230427  -0.00156878  -0.00438969   -0.0105174 
  -0.0172316    0.0305915    0.0234496    0.0163097    0.0111128   0.00819746 
   0.0064789   0.00442751   0.00123225  -0.00258822  -0.00553953  -0.00627414 
 -0.00475055  -0.00259404  -0.00227322  -0.00547075   -0.0116286    -0.017669 
 -0.00452927   -0.0157448   -0.0251475   -0.0322914   -0.0380777   -0.0426843 
  -0.0450015   -0.0439527   -0.0402162   -0.0364655   -0.0355975   -0.0383016 
  -0.0420745   -0.0427461   -0.0375877   -0.0277354   -0.0180541   -0.0128584 
  -0.0187003    -0.022875   -0.0255351   -0.0280685   -0.0311641   -0.0342428 
  -0.0365268   -0.0383766   -0.0412913   -0.0463035   -0.0521656   -0.0551936 
  -0.0514175   -0.0397414   -0.0237484   -0.0105232   -0.0244737   -0.0248583 
  -0.0234656   -0.0210844   -0.0194953   -0.0197401    -0.021659   -0.0248097 
  -0.0294751   -0.0364225   -0.0453971   -0.0537873   -0.0571041   -0.0515629 
  -0.0371954   -0.0191151  -0.00557555   -0.0351777   -0.0315471   -0.0259662 
  -0.0196695   -0.0145071   -0.0115285   -0.0107793   -0.0121963   -0.0163452 
  -0.0239047   -0.0341308   -0.0437922   -0.0480401   -0.0432199   -0.0298782 
  -0.0136378  -0.00282981   -0.0420398    -0.036898   -0.0297094   -0.0218426 
  -0.0148096  -0.00928006  -0.00527317  -0.00313712  -0.00405722  -0.00922472 
  -0.0181426   -0.0276327    -0.032876     -0.03029   -0.0204075  -0.00852175 
 -0.00219657   -0.0446961   -0.0406625   -0.0346242   -0.0277891   -0.0210078 
  -0.0142922   -0.0074717  -0.00130305   0.00223224    0.0010958  -0.00488735 
  -0.0129939   -0.0186776   -0.0184133   -0.0124364  -0.00526754  -0.00329714 
  -0.0448868   -0.0436779   -0.0406356   -0.0366337   -0.0317419   -0.0252517 
  -0.0167645  -0.00740307  0.000108879    0.0029281   0.00020919  -0.00582525 
  -0.0109723    -0.011822  -0.00833973  -0.00429314  -0.00496038   -0.0448231 
  -0.0466695   -0.0469176   -0.0460849   -0.0435734   -0.0381264   -0.0292232 
  -0.0182876  -0.00853006  -0.00322414  -0.00351333  -0.00742282   -0.0110274 
  -0.0111621  -0.00780977  -0.00436465  -0.00538958   -0.0456861   -0.0494943 
  -0.0518972   -0.0531404   -0.0522398   -0.0477379   -0.0392115   -0.0283318 
  -0.0184479   -0.0127252   -0.0120551   -0.0143201   -0.0157517   -0.0135991 
 -0.00826471  -0.00329087  -0.00302686   -0.0472349   -0.0513914   -0.0541715 
  -0.0556547   -0.0548068   -0.0503773   -0.0423082   -0.0325001   -0.0241285 
  -0.0197609   -0.0195463    -0.020892   -0.0200965   -0.0149822  -0.00671337 
 0.000600297   0.00244947   -0.0484979   -0.0518412   -0.0535737    -0.053668 
  -0.0513174   -0.0458238   -0.0377254   -0.0291647    -0.022954   -0.0207822 
  -0.0218104    -0.022843   -0.0202513   -0.0125338  -0.00176394   0.00723986 
  0.00971334   -0.0486986   -0.0510928   -0.0513585   -0.0493531   -0.0446506 
  -0.0372984   -0.0285474   -0.0207862   -0.0164102   -0.0162067   -0.0184118 
  -0.0193551   -0.0155979  -0.00634052    0.0055314    0.0146797    0.0162949 
   -0.047559   -0.0497735   -0.0491606   -0.0454157   -0.0385137   -0.0292561 
  -0.0195648   -0.0120223  -0.00863327  -0.00945832   -0.0121155    -0.012789 
 -0.00842841   0.00110861    0.0124216    0.0200983    0.0197112    -0.044841 
  -0.0478924   -0.0474576    -0.043029   -0.0349038   -0.0244873   -0.0141816 
 -0.00662832  -0.00347447  -0.00430264  -0.00651897  -0.00656753  -0.00200534 
  0.00674155    0.0161463    0.0212693    0.0185565   -0.0397496   -0.0441966 
  -0.0448104   -0.0408672   -0.0328546   -0.0225383   -0.0125228  -0.00531521 
 -0.00219768  -0.00248328  -0.00371674  -0.00294423   0.00149968   0.00872122 
   0.0154208    0.0176046    0.0129901   -0.0309653   -0.0366361   -0.0386475 
   -0.036057   -0.0293889    -0.020511   -0.0119595  -0.00592267  -0.00328081 
 -0.00318732  -0.00351864  -0.00210041   0.00188695   0.00716955    0.0108958 
   0.0102827   0.00450951   -0.0174972   -0.0237914   -0.0271689   -0.0264317 
  -0.0219785   -0.0155686    -0.009495  -0.00553421  -0.00414997  -0.00435827 
 -0.00438107  -0.00280268  0.000404054   0.00364909   0.00457335   0.00160324 
 -0.00468469  0.000217996  -0.00627649   -0.0110251   -0.0124696   -0.0107148 
 -0.00727876  -0.00417689  -0.00282445  -0.00332974   -0.0045607  -0.00496883 
 -0.00371537   -0.0014087   8.6511e-05  -0.00121141  -0.00591043   -0.0123274 
   0.0198448    0.0129549   0.00647556     0.002489   0.00135196    0.0018489 
  0.00215519   0.00103535  -0.00141772  -0.00393814  -0.00504907  -0.00423291 
  -0.0025241  -0.00203593  -0.00458566   -0.0102096   -0.0165466 