-180 -180 0 
-180 -175 0 
-180 -170 0 
-180 -165 0 
-180 -160 0 
-180 -155 0 
-180 -150 0 
-180 -145 0 
-180 -140 0 
-180 -135 0 
-180 -130 0 
-180 -125 0 
-180 -120 0 
-180 -115 0 
-180 -110 0 
-180 -105 0 
-180 -100 0 
-180 -95 0 
-180 -90 0 
-180 -85 0 
-180 -80 0 
-180 -75 0 
-180 -70 1 
-180 -65 1 
-180 -60 1 
-180 -55 1 
-180 -50 1 
-180 -45 1 
-180 -40 1 
-180 -35 1 
-180 -30 0 
-180 -25 0 
-180 -20 0 
-180 -15 0 
-180 -10 0 
-180 -5 0 
-180 0 0 
-180 5 0 
-180 10 0 
-180 15 0 
-180 20 0 
-180 25 0 
-180 30 0 
-180 35 0 
-180 40 1 
-180 45 1 
-180 50 1 
-180 55 1 
-180 60 1 
-180 65 1 
-180 70 1 
-180 75 1 
-180 80 1 
-180 85 1 
-180 90 1 
-180 95 1 
-180 100 1 
-180 105 1 
-180 110 1 
-180 115 1 
-180 120 1 
-180 125 1 
-180 130 1 
-180 135 1 
-180 140 1 
-180 145 1 
-180 150 1 
-180 155 1 
-180 160 1 
-180 165 0 
-180 170 0 
-180 175 0 
-175 -180 0 
-175 -175 0 
-175 -170 0 
-175 -165 0 
-175 -160 0 
-175 -155 0 
-175 -150 0 
-175 -145 0 
-175 -140 0 
-175 -135 0 
-175 -130 0 
-175 -125 0 
-175 -120 0 
-175 -115 0 
-175 -110 0 
-175 -105 0 
-175 -100 0 
-175 -95 0 
-175 -90 0 
-175 -85 0 
-175 -80 0 
-175 -75 0 
-175 -70 1 
-175 -65 1 
-175 -60 1 
-175 -55 1 
-175 -50 1 
-175 -45 1 
-175 -40 1 
-175 -35 1 
-175 -30 0 
-175 -25 0 
-175 -20 0 
-175 -15 0 
-175 -10 0 
-175 -5 0 
-175 0 0 
-175 5 0 
-175 10 0 
-175 15 0 
-175 20 0 
-175 25 0 
-175 30 0 
-175 35 0 
-175 40 1 
-175 45 1 
-175 50 1 
-175 55 1 
-175 60 1 
-175 65 1 
-175 70 1 
-175 75 1 
-175 80 1 
-175 85 1 
-175 90 1 
-175 95 1 
-175 100 1 
-175 105 1 
-175 110 1 
-175 115 1 
-175 120 1 
-175 125 1 
-175 130 1 
-175 135 1 
-175 140 1 
-175 145 1 
-175 150 1 
-175 155 1 
-175 160 1 
-175 165 0 
-175 170 0 
-175 175 0 
-170 -180 0 
-170 -175 0 
-170 -170 0 
-170 -165 0 
-170 -160 0 
-170 -155 0 
-170 -150 0 
-170 -145 0 
-170 -140 0 
-170 -135 0 
-170 -130 0 
-170 -125 0 
-170 -120 0 
-170 -115 0 
-170 -110 0 
-170 -105 0 
-170 -100 0 
-170 -95 0 
-170 -90 0 
-170 -85 0 
-170 -80 0 
-170 -75 0 
-170 -70 1 
-170 -65 1 
-170 -60 1 
-170 -55 1 
-170 -50 1 
-170 -45 1 
-170 -40 1 
-170 -35 1 
-170 -30 0 
-170 -25 0 
-170 -20 0 
-170 -15 0 
-170 -10 0 
-170 -5 0 
-170 0 0 
-170 5 0 
-170 10 0 
-170 15 0 
-170 20 0 
-170 25 0 
-170 30 0 
-170 35 0 
-170 40 1 
-170 45 1 
-170 50 1 
-170 55 1 
-170 60 1 
-170 65 1 
-170 70 1 
-170 75 1 
-170 80 1 
-170 85 1 
-170 90 1 
-170 95 1 
-170 100 1 
-170 105 1 
-170 110 1 
-170 115 1 
-170 120 1 
-170 125 1 
-170 130 1 
-170 135 1 
-170 140 1 
-170 145 1 
-170 150 1 
-170 155 1 
-170 160 1 
-170 165 0 
-170 170 0 
-170 175 0 
-165 -180 0 
-165 -175 0 
-165 -170 0 
-165 -165 0 
-165 -160 0 
-165 -155 0 
-165 -150 0 
-165 -145 0 
-165 -140 0 
-165 -135 0 
-165 -130 0 
-165 -125 0 
-165 -120 0 
-165 -115 0 
-165 -110 0 
-165 -105 0 
-165 -100 0 
-165 -95 0 
-165 -90 0 
-165 -85 0 
-165 -80 0 
-165 -75 0 
-165 -70 1 
-165 -65 1 
-165 -60 1 
-165 -55 1 
-165 -50 1 
-165 -45 1 
-165 -40 1 
-165 -35 1 
-165 -30 0 
-165 -25 0 
-165 -20 0 
-165 -15 0 
-165 -10 0 
-165 -5 0 
-165 0 0 
-165 5 0 
-165 10 0 
-165 15 0 
-165 20 0 
-165 25 0 
-165 30 0 
-165 35 0 
-165 40 1 
-165 45 1 
-165 50 1 
-165 55 1 
-165 60 1 
-165 65 1 
-165 70 1 
-165 75 1 
-165 80 1 
-165 85 1 
-165 90 1 
-165 95 1 
-165 100 1 
-165 105 1 
-165 110 1 
-165 115 1 
-165 120 1 
-165 125 1 
-165 130 1 
-165 135 1 
-165 140 1 
-165 145 1 
-165 150 1 
-165 155 1 
-165 160 1 
-165 165 0 
-165 170 0 
-165 175 0 
-160 -180 0 
-160 -175 0 
-160 -170 0 
-160 -165 0 
-160 -160 0 
-160 -155 0 
-160 -150 0 
-160 -145 0 
-160 -140 0 
-160 -135 0 
-160 -130 0 
-160 -125 0 
-160 -120 0 
-160 -115 0 
-160 -110 0 
-160 -105 0 
-160 -100 0 
-160 -95 0 
-160 -90 0 
-160 -85 0 
-160 -80 0 
-160 -75 0 
-160 -70 1 
-160 -65 1 
-160 -60 1 
-160 -55 1 
-160 -50 1 
-160 -45 1 
-160 -40 1 
-160 -35 1 
-160 -30 0 
-160 -25 0 
-160 -20 0 
-160 -15 0 
-160 -10 0 
-160 -5 0 
-160 0 0 
-160 5 0 
-160 10 0 
-160 15 0 
-160 20 0 
-160 25 0 
-160 30 0 
-160 35 0 
-160 40 1 
-160 45 1 
-160 50 1 
-160 55 1 
-160 60 1 
-160 65 1 
-160 70 1 
-160 75 1 
-160 80 1 
-160 85 1 
-160 90 1 
-160 95 1 
-160 100 1 
-160 105 1 
-160 110 1 
-160 115 1 
-160 120 1 
-160 125 1 
-160 130 1 
-160 135 1 
-160 140 1 
-160 145 1 
-160 150 1 
-160 155 1 
-160 160 1 
-160 165 0 
-160 170 0 
-160 175 0 
-155 -180 0 
-155 -175 0 
-155 -170 0 
-155 -165 0 
-155 -160 0 
-155 -155 0 
-155 -150 0 
-155 -145 0 
-155 -140 0 
-155 -135 0 
-155 -130 0 
-155 -125 0 
-155 -120 0 
-155 -115 0 
-155 -110 0 
-155 -105 0 
-155 -100 0 
-155 -95 0 
-155 -90 0 
-155 -85 0 
-155 -80 0 
-155 -75 0 
-155 -70 1 
-155 -65 1 
-155 -60 1 
-155 -55 1 
-155 -50 1 
-155 -45 1 
-155 -40 1 
-155 -35 1 
-155 -30 0 
-155 -25 0 
-155 -20 0 
-155 -15 0 
-155 -10 0 
-155 -5 0 
-155 0 0 
-155 5 0 
-155 10 0 
-155 15 0 
-155 20 0 
-155 25 0 
-155 30 0 
-155 35 0 
-155 40 1 
-155 45 1 
-155 50 1 
-155 55 1 
-155 60 1 
-155 65 1 
-155 70 1 
-155 75 1 
-155 80 1 
-155 85 1 
-155 90 1 
-155 95 1 
-155 100 1 
-155 105 1 
-155 110 1 
-155 115 1 
-155 120 1 
-155 125 1 
-155 130 1 
-155 135 1 
-155 140 1 
-155 145 1 
-155 150 1 
-155 155 1 
-155 160 1 
-155 165 0 
-155 170 0 
-155 175 0 
-150 -180 0 
-150 -175 0 
-150 -170 0 
-150 -165 0 
-150 -160 0 
-150 -155 0 
-150 -150 0 
-150 -145 0 
-150 -140 0 
-150 -135 0 
-150 -130 0 
-150 -125 0 
-150 -120 0 
-150 -115 0 
-150 -110 0 
-150 -105 0 
-150 -100 0 
-150 -95 0 
-150 -90 0 
-150 -85 0 
-150 -80 0 
-150 -75 0 
-150 -70 1 
-150 -65 1 
-150 -60 1 
-150 -55 1 
-150 -50 1 
-150 -45 1 
-150 -40 1 
-150 -35 1 
-150 -30 0 
-150 -25 0 
-150 -20 0 
-150 -15 0 
-150 -10 0 
-150 -5 0 
-150 0 0 
-150 5 0 
-150 10 0 
-150 15 0 
-150 20 0 
-150 25 0 
-150 30 0 
-150 35 0 
-150 40 1 
-150 45 1 
-150 50 1 
-150 55 1 
-150 60 1 
-150 65 1 
-150 70 1 
-150 75 1 
-150 80 1 
-150 85 1 
-150 90 1 
-150 95 1 
-150 100 1 
-150 105 1 
-150 110 1 
-150 115 1 
-150 120 1 
-150 125 1 
-150 130 1 
-150 135 1 
-150 140 1 
-150 145 1 
-150 150 1 
-150 155 1 
-150 160 1 
-150 165 0 
-150 170 0 
-150 175 0 
-145 -180 0 
-145 -175 0 
-145 -170 0 
-145 -165 0 
-145 -160 0 
-145 -155 0 
-145 -150 0 
-145 -145 0 
-145 -140 0 
-145 -135 0 
-145 -130 0 
-145 -125 0 
-145 -120 0 
-145 -115 0 
-145 -110 0 
-145 -105 0 
-145 -100 0 
-145 -95 0 
-145 -90 0 
-145 -85 0 
-145 -80 0 
-145 -75 0 
-145 -70 1 
-145 -65 1 
-145 -60 1 
-145 -55 1 
-145 -50 1 
-145 -45 1 
-145 -40 1 
-145 -35 1 
-145 -30 0 
-145 -25 0 
-145 -20 0 
-145 -15 0 
-145 -10 0 
-145 -5 0 
-145 0 0 
-145 5 0 
-145 10 0 
-145 15 0 
-145 20 0 
-145 25 0 
-145 30 0 
-145 35 0 
-145 40 1 
-145 45 1 
-145 50 1 
-145 55 1 
-145 60 1 
-145 65 1 
-145 70 1 
-145 75 1 
-145 80 1 
-145 85 1 
-145 90 1 
-145 95 1 
-145 100 1 
-145 105 1 
-145 110 1 
-145 115 1 
-145 120 1 
-145 125 1 
-145 130 1 
-145 135 1 
-145 140 1 
-145 145 1 
-145 150 1 
-145 155 1 
-145 160 1 
-145 165 0 
-145 170 0 
-145 175 0 
-140 -180 0 
-140 -175 0 
-140 -170 0 
-140 -165 0 
-140 -160 0 
-140 -155 0 
-140 -150 0 
-140 -145 0 
-140 -140 0 
-140 -135 0 
-140 -130 0 
-140 -125 0 
-140 -120 0 
-140 -115 0 
-140 -110 0 
-140 -105 0 
-140 -100 0 
-140 -95 0 
-140 -90 0 
-140 -85 0 
-140 -80 0 
-140 -75 0 
-140 -70 1 
-140 -65 1 
-140 -60 1 
-140 -55 1 
-140 -50 1 
-140 -45 1 
-140 -40 1 
-140 -35 1 
-140 -30 0 
-140 -25 0 
-140 -20 0 
-140 -15 0 
-140 -10 0 
-140 -5 0 
-140 0 0 
-140 5 0 
-140 10 0 
-140 15 0 
-140 20 0 
-140 25 0 
-140 30 0 
-140 35 0 
-140 40 1 
-140 45 1 
-140 50 1 
-140 55 1 
-140 60 1 
-140 65 1 
-140 70 1 
-140 75 1 
-140 80 1 
-140 85 1 
-140 90 1 
-140 95 1 
-140 100 1 
-140 105 1 
-140 110 1 
-140 115 1 
-140 120 1 
-140 125 1 
-140 130 1 
-140 135 1 
-140 140 1 
-140 145 1 
-140 150 1 
-140 155 1 
-140 160 1 
-140 165 0 
-140 170 0 
-140 175 0 
-135 -180 0 
-135 -175 0 
-135 -170 0 
-135 -165 0 
-135 -160 0 
-135 -155 0 
-135 -150 0 
-135 -145 0 
-135 -140 0 
-135 -135 0 
-135 -130 0 
-135 -125 0 
-135 -120 0 
-135 -115 0 
-135 -110 0 
-135 -105 0 
-135 -100 0 
-135 -95 0 
-135 -90 0 
-135 -85 0 
-135 -80 0 
-135 -75 0 
-135 -70 1 
-135 -65 1 
-135 -60 1 
-135 -55 1 
-135 -50 1 
-135 -45 1 
-135 -40 1 
-135 -35 1 
-135 -30 0 
-135 -25 0 
-135 -20 0 
-135 -15 0 
-135 -10 0 
-135 -5 0 
-135 0 0 
-135 5 0 
-135 10 0 
-135 15 0 
-135 20 0 
-135 25 0 
-135 30 0 
-135 35 0 
-135 40 1 
-135 45 1 
-135 50 1 
-135 55 1 
-135 60 1 
-135 65 1 
-135 70 1 
-135 75 1 
-135 80 1 
-135 85 1 
-135 90 1 
-135 95 1 
-135 100 1 
-135 105 1 
-135 110 1 
-135 115 1 
-135 120 1 
-135 125 1 
-135 130 1 
-135 135 1 
-135 140 1 
-135 145 1 
-135 150 1 
-135 155 1 
-135 160 1 
-135 165 0 
-135 170 0 
-135 175 0 
-130 -180 0 
-130 -175 0 
-130 -170 0 
-130 -165 0 
-130 -160 0 
-130 -155 0 
-130 -150 0 
-130 -145 0 
-130 -140 0 
-130 -135 0 
-130 -130 0 
-130 -125 0 
-130 -120 0 
-130 -115 0 
-130 -110 0 
-130 -105 0 
-130 -100 0 
-130 -95 0 
-130 -90 0 
-130 -85 0 
-130 -80 0 
-130 -75 0 
-130 -70 1 
-130 -65 1 
-130 -60 1 
-130 -55 1 
-130 -50 1 
-130 -45 1 
-130 -40 1 
-130 -35 1 
-130 -30 0 
-130 -25 0 
-130 -20 0 
-130 -15 0 
-130 -10 0 
-130 -5 0 
-130 0 0 
-130 5 0 
-130 10 0 
-130 15 0 
-130 20 0 
-130 25 0 
-130 30 0 
-130 35 0 
-130 40 1 
-130 45 1 
-130 50 1 
-130 55 1 
-130 60 1 
-130 65 1 
-130 70 1 
-130 75 1 
-130 80 1 
-130 85 1 
-130 90 1 
-130 95 1 
-130 100 1 
-130 105 1 
-130 110 1 
-130 115 1 
-130 120 1 
-130 125 1 
-130 130 1 
-130 135 1 
-130 140 1 
-130 145 1 
-130 150 1 
-130 155 1 
-130 160 1 
-130 165 0 
-130 170 0 
-130 175 0 
-125 -180 0 
-125 -175 0 
-125 -170 0 
-125 -165 0 
-125 -160 0 
-125 -155 0 
-125 -150 0 
-125 -145 0 
-125 -140 0 
-125 -135 0 
-125 -130 0 
-125 -125 0 
-125 -120 0 
-125 -115 0 
-125 -110 0 
-125 -105 0 
-125 -100 0 
-125 -95 0 
-125 -90 0 
-125 -85 0 
-125 -80 0 
-125 -75 0 
-125 -70 1 
-125 -65 1 
-125 -60 1 
-125 -55 1 
-125 -50 1 
-125 -45 1 
-125 -40 1 
-125 -35 1 
-125 -30 0 
-125 -25 0 
-125 -20 0 
-125 -15 0 
-125 -10 0 
-125 -5 0 
-125 0 0 
-125 5 0 
-125 10 0 
-125 15 0 
-125 20 0 
-125 25 0 
-125 30 0 
-125 35 0 
-125 40 1 
-125 45 1 
-125 50 1 
-125 55 1 
-125 60 1 
-125 65 1 
-125 70 1 
-125 75 1 
-125 80 1 
-125 85 1 
-125 90 1 
-125 95 1 
-125 100 1 
-125 105 1 
-125 110 1 
-125 115 1 
-125 120 1 
-125 125 1 
-125 130 1 
-125 135 1 
-125 140 1 
-125 145 1 
-125 150 1 
-125 155 1 
-125 160 1 
-125 165 0 
-125 170 0 
-125 175 0 
-120 -180 0 
-120 -175 0 
-120 -170 0 
-120 -165 0 
-120 -160 0 
-120 -155 0 
-120 -150 0 
-120 -145 0 
-120 -140 0 
-120 -135 0 
-120 -130 0 
-120 -125 0 
-120 -120 0 
-120 -115 0 
-120 -110 0 
-120 -105 0 
-120 -100 0 
-120 -95 0 
-120 -90 0 
-120 -85 0 
-120 -80 0 
-120 -75 0 
-120 -70 1 
-120 -65 1 
-120 -60 1 
-120 -55 1 
-120 -50 1 
-120 -45 1 
-120 -40 1 
-120 -35 1 
-120 -30 0 
-120 -25 0 
-120 -20 0 
-120 -15 0 
-120 -10 0 
-120 -5 0 
-120 0 0 
-120 5 0 
-120 10 0 
-120 15 0 
-120 20 0 
-120 25 0 
-120 30 0 
-120 35 0 
-120 40 1 
-120 45 1 
-120 50 1 
-120 55 1 
-120 60 1 
-120 65 1 
-120 70 1 
-120 75 1 
-120 80 1 
-120 85 1 
-120 90 1 
-120 95 1 
-120 100 1 
-120 105 1 
-120 110 1 
-120 115 1 
-120 120 1 
-120 125 1 
-120 130 1 
-120 135 1 
-120 140 1 
-120 145 1 
-120 150 1 
-120 155 1 
-120 160 1 
-120 165 0 
-120 170 0 
-120 175 0 
-115 -180 0 
-115 -175 0 
-115 -170 0 
-115 -165 0 
-115 -160 0 
-115 -155 0 
-115 -150 0 
-115 -145 0 
-115 -140 0 
-115 -135 0 
-115 -130 0 
-115 -125 0 
-115 -120 0 
-115 -115 0 
-115 -110 0 
-115 -105 0 
-115 -100 0 
-115 -95 0 
-115 -90 0 
-115 -85 0 
-115 -80 0 
-115 -75 0 
-115 -70 1 
-115 -65 1 
-115 -60 1 
-115 -55 1 
-115 -50 1 
-115 -45 1 
-115 -40 1 
-115 -35 1 
-115 -30 0 
-115 -25 0 
-115 -20 0 
-115 -15 0 
-115 -10 0 
-115 -5 0 
-115 0 0 
-115 5 0 
-115 10 0 
-115 15 0 
-115 20 0 
-115 25 0 
-115 30 0 
-115 35 0 
-115 40 1 
-115 45 1 
-115 50 1 
-115 55 1 
-115 60 1 
-115 65 1 
-115 70 1 
-115 75 1 
-115 80 1 
-115 85 1 
-115 90 1 
-115 95 1 
-115 100 1 
-115 105 1 
-115 110 1 
-115 115 1 
-115 120 1 
-115 125 1 
-115 130 1 
-115 135 1 
-115 140 1 
-115 145 1 
-115 150 1 
-115 155 1 
-115 160 1 
-115 165 0 
-115 170 0 
-115 175 0 
-110 -180 0 
-110 -175 0 
-110 -170 0 
-110 -165 0 
-110 -160 0 
-110 -155 0 
-110 -150 0 
-110 -145 0 
-110 -140 0 
-110 -135 0 
-110 -130 0 
-110 -125 0 
-110 -120 0 
-110 -115 0 
-110 -110 0 
-110 -105 0 
-110 -100 0 
-110 -95 0 
-110 -90 0 
-110 -85 0 
-110 -80 0 
-110 -75 0 
-110 -70 1 
-110 -65 1 
-110 -60 1 
-110 -55 1 
-110 -50 1 
-110 -45 1 
-110 -40 1 
-110 -35 1 
-110 -30 0 
-110 -25 0 
-110 -20 0 
-110 -15 0 
-110 -10 0 
-110 -5 0 
-110 0 0 
-110 5 0 
-110 10 0 
-110 15 0 
-110 20 0 
-110 25 0 
-110 30 0 
-110 35 0 
-110 40 1 
-110 45 1 
-110 50 1 
-110 55 1 
-110 60 1 
-110 65 1 
-110 70 1 
-110 75 1 
-110 80 1 
-110 85 1 
-110 90 1 
-110 95 1 
-110 100 1 
-110 105 1 
-110 110 1 
-110 115 1 
-110 120 1 
-110 125 1 
-110 130 1 
-110 135 1 
-110 140 1 
-110 145 1 
-110 150 1 
-110 155 1 
-110 160 1 
-110 165 0 
-110 170 0 
-110 175 0 
-105 -180 0 
-105 -175 0 
-105 -170 0 
-105 -165 0 
-105 -160 0 
-105 -155 0 
-105 -150 0 
-105 -145 0 
-105 -140 0 
-105 -135 0 
-105 -130 0 
-105 -125 0 
-105 -120 0 
-105 -115 0 
-105 -110 0 
-105 -105 0 
-105 -100 0 
-105 -95 0 
-105 -90 0 
-105 -85 0 
-105 -80 0 
-105 -75 0 
-105 -70 1 
-105 -65 1 
-105 -60 1 
-105 -55 1 
-105 -50 1 
-105 -45 1 
-105 -40 1 
-105 -35 1 
-105 -30 0 
-105 -25 0 
-105 -20 0 
-105 -15 0 
-105 -10 0 
-105 -5 0 
-105 0 0 
-105 5 0 
-105 10 0 
-105 15 0 
-105 20 0 
-105 25 0 
-105 30 0 
-105 35 0 
-105 40 1 
-105 45 1 
-105 50 1 
-105 55 1 
-105 60 1 
-105 65 1 
-105 70 1 
-105 75 1 
-105 80 1 
-105 85 1 
-105 90 1 
-105 95 1 
-105 100 1 
-105 105 1 
-105 110 1 
-105 115 1 
-105 120 1 
-105 125 1 
-105 130 1 
-105 135 1 
-105 140 1 
-105 145 1 
-105 150 1 
-105 155 1 
-105 160 1 
-105 165 0 
-105 170 0 
-105 175 0 
-100 -180 0 
-100 -175 0 
-100 -170 0 
-100 -165 0 
-100 -160 0 
-100 -155 0 
-100 -150 0 
-100 -145 0 
-100 -140 0 
-100 -135 0 
-100 -130 0 
-100 -125 0 
-100 -120 0 
-100 -115 0 
-100 -110 0 
-100 -105 0 
-100 -100 0 
-100 -95 0 
-100 -90 0 
-100 -85 0 
-100 -80 0 
-100 -75 0 
-100 -70 1 
-100 -65 1 
-100 -60 1 
-100 -55 1 
-100 -50 1 
-100 -45 1 
-100 -40 1 
-100 -35 1 
-100 -30 0 
-100 -25 0 
-100 -20 0 
-100 -15 0 
-100 -10 0 
-100 -5 0 
-100 0 0 
-100 5 0 
-100 10 0 
-100 15 0 
-100 20 0 
-100 25 0 
-100 30 0 
-100 35 0 
-100 40 1 
-100 45 1 
-100 50 1 
-100 55 1 
-100 60 1 
-100 65 1 
-100 70 1 
-100 75 1 
-100 80 1 
-100 85 1 
-100 90 1 
-100 95 1 
-100 100 1 
-100 105 1 
-100 110 1 
-100 115 1 
-100 120 1 
-100 125 1 
-100 130 1 
-100 135 1 
-100 140 1 
-100 145 1 
-100 150 1 
-100 155 1 
-100 160 1 
-100 165 0 
-100 170 0 
-100 175 0 
-95 -180 0 
-95 -175 0 
-95 -170 0 
-95 -165 0 
-95 -160 0 
-95 -155 0 
-95 -150 0 
-95 -145 0 
-95 -140 0 
-95 -135 0 
-95 -130 0 
-95 -125 0 
-95 -120 0 
-95 -115 0 
-95 -110 0 
-95 -105 0 
-95 -100 0 
-95 -95 0 
-95 -90 0 
-95 -85 0 
-95 -80 0 
-95 -75 0 
-95 -70 1 
-95 -65 1 
-95 -60 1 
-95 -55 1 
-95 -50 1 
-95 -45 1 
-95 -40 1 
-95 -35 1 
-95 -30 0 
-95 -25 0 
-95 -20 0 
-95 -15 0 
-95 -10 0 
-95 -5 0 
-95 0 0 
-95 5 0 
-95 10 0 
-95 15 0 
-95 20 0 
-95 25 0 
-95 30 0 
-95 35 0 
-95 40 1 
-95 45 1 
-95 50 1 
-95 55 1 
-95 60 1 
-95 65 1 
-95 70 1 
-95 75 1 
-95 80 1 
-95 85 1 
-95 90 1 
-95 95 1 
-95 100 1 
-95 105 1 
-95 110 1 
-95 115 1 
-95 120 1 
-95 125 1 
-95 130 1 
-95 135 1 
-95 140 1 
-95 145 1 
-95 150 1 
-95 155 1 
-95 160 1 
-95 165 0 
-95 170 0 
-95 175 0 
-90 -180 0 
-90 -175 0 
-90 -170 0 
-90 -165 0 
-90 -160 0 
-90 -155 0 
-90 -150 0 
-90 -145 0 
-90 -140 0 
-90 -135 0 
-90 -130 0 
-90 -125 0 
-90 -120 0 
-90 -115 0 
-90 -110 0 
-90 -105 0 
-90 -100 0 
-90 -95 0 
-90 -90 0 
-90 -85 0 
-90 -80 0 
-90 -75 0 
-90 -70 1 
-90 -65 1 
-90 -60 1 
-90 -55 1 
-90 -50 1 
-90 -45 1 
-90 -40 1 
-90 -35 1 
-90 -30 0 
-90 -25 0 
-90 -20 0 
-90 -15 0 
-90 -10 0 
-90 -5 0 
-90 0 0 
-90 5 0 
-90 10 0 
-90 15 0 
-90 20 0 
-90 25 0 
-90 30 0 
-90 35 0 
-90 40 0 
-90 45 1 
-90 50 1 
-90 55 1 
-90 60 1 
-90 65 1 
-90 70 1 
-90 75 1 
-90 80 1 
-90 85 1 
-90 90 1 
-90 95 1 
-90 100 1 
-90 105 1 
-90 110 1 
-90 115 1 
-90 120 1 
-90 125 1 
-90 130 1 
-90 135 1 
-90 140 1 
-90 145 1 
-90 150 1 
-90 155 1 
-90 160 1 
-90 165 0 
-90 170 0 
-90 175 0 
-85 -180 0 
-85 -175 0 
-85 -170 0 
-85 -165 0 
-85 -160 0 
-85 -155 0 
-85 -150 0 
-85 -145 0 
-85 -140 0 
-85 -135 0 
-85 -130 0 
-85 -125 0 
-85 -120 0 
-85 -115 0 
-85 -110 0 
-85 -105 0 
-85 -100 0 
-85 -95 0 
-85 -90 0 
-85 -85 0 
-85 -80 0 
-85 -75 0 
-85 -70 1 
-85 -65 1 
-85 -60 1 
-85 -55 1 
-85 -50 1 
-85 -45 1 
-85 -40 1 
-85 -35 1 
-85 -30 0 
-85 -25 0 
-85 -20 0 
-85 -15 0 
-85 -10 0 
-85 -5 0 
-85 0 0 
-85 5 0 
-85 10 0 
-85 15 0 
-85 20 0 
-85 25 0 
-85 30 0 
-85 35 0 
-85 40 0 
-85 45 0 
-85 50 1 
-85 55 1 
-85 60 1 
-85 65 1 
-85 70 1 
-85 75 1 
-85 80 1 
-85 85 1 
-85 90 1 
-85 95 1 
-85 100 1 
-85 105 1 
-85 110 1 
-85 115 1 
-85 120 1 
-85 125 1 
-85 130 1 
-85 135 1 
-85 140 1 
-85 145 1 
-85 150 1 
-85 155 1 
-85 160 1 
-85 165 0 
-85 170 0 
-85 175 0 
-80 -180 0 
-80 -175 0 
-80 -170 0 
-80 -165 0 
-80 -160 0 
-80 -155 0 
-80 -150 0 
-80 -145 0 
-80 -140 0 
-80 -135 0 
-80 -130 0 
-80 -125 0 
-80 -120 0 
-80 -115 0 
-80 -110 0 
-80 -105 0 
-80 -100 0 
-80 -95 0 
-80 -90 0 
-80 -85 0 
-80 -80 0 
-80 -75 0 
-80 -70 1 
-80 -65 1 
-80 -60 1 
-80 -55 1 
-80 -50 1 
-80 -45 1 
-80 -40 1 
-80 -35 1 
-80 -30 0 
-80 -25 0 
-80 -20 0 
-80 -15 0 
-80 -10 0 
-80 -5 0 
-80 0 0 
-80 5 0 
-80 10 0 
-80 15 0 
-80 20 0 
-80 25 0 
-80 30 0 
-80 35 0 
-80 40 0 
-80 45 0 
-80 50 0 
-80 55 1 
-80 60 1 
-80 65 1 
-80 70 1 
-80 75 1 
-80 80 1 
-80 85 1 
-80 90 1 
-80 95 1 
-80 100 1 
-80 105 1 
-80 110 1 
-80 115 1 
-80 120 1 
-80 125 1 
-80 130 1 
-80 135 1 
-80 140 1 
-80 145 1 
-80 150 1 
-80 155 1 
-80 160 1 
-80 165 0 
-80 170 0 
-80 175 0 
-75 -180 0 
-75 -175 0 
-75 -170 0 
-75 -165 0 
-75 -160 0 
-75 -155 0 
-75 -150 0 
-75 -145 0 
-75 -140 0 
-75 -135 0 
-75 -130 0 
-75 -125 0 
-75 -120 0 
-75 -115 0 
-75 -110 0 
-75 -105 0 
-75 -100 0 
-75 -95 0 
-75 -90 0 
-75 -85 0 
-75 -80 0 
-75 -75 0 
-75 -70 1 
-75 -65 1 
-75 -60 1 
-75 -55 1 
-75 -50 1 
-75 -45 1 
-75 -40 1 
-75 -35 1 
-75 -30 0 
-75 -25 0 
-75 -20 0 
-75 -15 0 
-75 -10 0 
-75 -5 0 
-75 0 0 
-75 5 0 
-75 10 0 
-75 15 0 
-75 20 0 
-75 25 0 
-75 30 0 
-75 35 0 
-75 40 0 
-75 45 0 
-75 50 0 
-75 55 0 
-75 60 1 
-75 65 1 
-75 70 1 
-75 75 1 
-75 80 1 
-75 85 1 
-75 90 1 
-75 95 1 
-75 100 1 
-75 105 1 
-75 110 1 
-75 115 1 
-75 120 1 
-75 125 1 
-75 130 1 
-75 135 1 
-75 140 1 
-75 145 1 
-75 150 1 
-75 155 1 
-75 160 1 
-75 165 0 
-75 170 0 
-75 175 0 
-70 -180 0 
-70 -175 0 
-70 -170 0 
-70 -165 0 
-70 -160 0 
-70 -155 0 
-70 -150 0 
-70 -145 0 
-70 -140 0 
-70 -135 0 
-70 -130 0 
-70 -125 0 
-70 -120 0 
-70 -115 0 
-70 -110 0 
-70 -105 0 
-70 -100 0 
-70 -95 0 
-70 -90 0 
-70 -85 0 
-70 -80 0 
-70 -75 0 
-70 -70 1 
-70 -65 1 
-70 -60 1 
-70 -55 1 
-70 -50 1 
-70 -45 1 
-70 -40 1 
-70 -35 1 
-70 -30 0 
-70 -25 0 
-70 -20 0 
-70 -15 0 
-70 -10 0 
-70 -5 0 
-70 0 0 
-70 5 0 
-70 10 0 
-70 15 0 
-70 20 0 
-70 25 0 
-70 30 0 
-70 35 0 
-70 40 0 
-70 45 0 
-70 50 0 
-70 55 0 
-70 60 0 
-70 65 1 
-70 70 1 
-70 75 1 
-70 80 1 
-70 85 1 
-70 90 1 
-70 95 1 
-70 100 1 
-70 105 1 
-70 110 1 
-70 115 1 
-70 120 1 
-70 125 1 
-70 130 1 
-70 135 1 
-70 140 1 
-70 145 1 
-70 150 1 
-70 155 1 
-70 160 1 
-70 165 0 
-70 170 0 
-70 175 0 
-65 -180 0 
-65 -175 0 
-65 -170 0 
-65 -165 0 
-65 -160 0 
-65 -155 0 
-65 -150 0 
-65 -145 0 
-65 -140 0 
-65 -135 0 
-65 -130 0 
-65 -125 0 
-65 -120 0 
-65 -115 0 
-65 -110 0 
-65 -105 0 
-65 -100 0 
-65 -95 0 
-65 -90 0 
-65 -85 0 
-65 -80 0 
-65 -75 0 
-65 -70 1 
-65 -65 1 
-65 -60 1 
-65 -55 1 
-65 -50 1 
-65 -45 1 
-65 -40 1 
-65 -35 1 
-65 -30 0 
-65 -25 0 
-65 -20 0 
-65 -15 0 
-65 -10 0 
-65 -5 0 
-65 0 0 
-65 5 0 
-65 10 0 
-65 15 0 
-65 20 0 
-65 25 0 
-65 30 0 
-65 35 0 
-65 40 0 
-65 45 0 
-65 50 0 
-65 55 0 
-65 60 0 
-65 65 0 
-65 70 1 
-65 75 1 
-65 80 1 
-65 85 1 
-65 90 1 
-65 95 1 
-65 100 1 
-65 105 1 
-65 110 1 
-65 115 1 
-65 120 1 
-65 125 1 
-65 130 1 
-65 135 1 
-65 140 1 
-65 145 1 
-65 150 1 
-65 155 1 
-65 160 1 
-65 165 0 
-65 170 0 
-65 175 0 
-60 -180 0 
-60 -175 0 
-60 -170 0 
-60 -165 0 
-60 -160 0 
-60 -155 0 
-60 -150 0 
-60 -145 0 
-60 -140 0 
-60 -135 0 
-60 -130 0 
-60 -125 0 
-60 -120 0 
-60 -115 0 
-60 -110 0 
-60 -105 0 
-60 -100 0 
-60 -95 0 
-60 -90 0 
-60 -85 0 
-60 -80 0 
-60 -75 0 
-60 -70 1 
-60 -65 1 
-60 -60 1 
-60 -55 1 
-60 -50 1 
-60 -45 1 
-60 -40 1 
-60 -35 1 
-60 -30 0 
-60 -25 0 
-60 -20 0 
-60 -15 0 
-60 -10 0 
-60 -5 0 
-60 0 0 
-60 5 0 
-60 10 0 
-60 15 0 
-60 20 0 
-60 25 0 
-60 30 0 
-60 35 0 
-60 40 0 
-60 45 0 
-60 50 0 
-60 55 0 
-60 60 0 
-60 65 0 
-60 70 0 
-60 75 1 
-60 80 1 
-60 85 1 
-60 90 1 
-60 95 1 
-60 100 1 
-60 105 1 
-60 110 1 
-60 115 1 
-60 120 1 
-60 125 1 
-60 130 1 
-60 135 1 
-60 140 1 
-60 145 1 
-60 150 1 
-60 155 1 
-60 160 1 
-60 165 0 
-60 170 0 
-60 175 0 
-55 -180 0 
-55 -175 0 
-55 -170 0 
-55 -165 0 
-55 -160 0 
-55 -155 0 
-55 -150 0 
-55 -145 0 
-55 -140 0 
-55 -135 0 
-55 -130 0 
-55 -125 0 
-55 -120 0 
-55 -115 0 
-55 -110 0 
-55 -105 0 
-55 -100 0 
-55 -95 0 
-55 -90 0 
-55 -85 0 
-55 -80 0 
-55 -75 0 
-55 -70 0 
-55 -65 0 
-55 -60 0 
-55 -55 0 
-55 -50 0 
-55 -45 0 
-55 -40 0 
-55 -35 0 
-55 -30 0 
-55 -25 0 
-55 -20 0 
-55 -15 0 
-55 -10 0 
-55 -5 0 
-55 0 0 
-55 5 0 
-55 10 0 
-55 15 0 
-55 20 0 
-55 25 0 
-55 30 0 
-55 35 0 
-55 40 0 
-55 45 0 
-55 50 0 
-55 55 0 
-55 60 0 
-55 65 0 
-55 70 0 
-55 75 0 
-55 80 0 
-55 85 0 
-55 90 0 
-55 95 0 
-55 100 0 
-55 105 0 
-55 110 0 
-55 115 0 
-55 120 0 
-55 125 0 
-55 130 0 
-55 135 0 
-55 140 0 
-55 145 0 
-55 150 0 
-55 155 0 
-55 160 0 
-55 165 0 
-55 170 0 
-55 175 0 
-50 -180 0 
-50 -175 0 
-50 -170 0 
-50 -165 0 
-50 -160 0 
-50 -155 0 
-50 -150 0 
-50 -145 0 
-50 -140 0 
-50 -135 0 
-50 -130 0 
-50 -125 0 
-50 -120 0 
-50 -115 0 
-50 -110 0 
-50 -105 0 
-50 -100 0 
-50 -95 0 
-50 -90 0 
-50 -85 0 
-50 -80 0 
-50 -75 0 
-50 -70 0 
-50 -65 0 
-50 -60 0 
-50 -55 0 
-50 -50 0 
-50 -45 0 
-50 -40 0 
-50 -35 0 
-50 -30 0 
-50 -25 0 
-50 -20 0 
-50 -15 0 
-50 -10 0 
-50 -5 0 
-50 0 0 
-50 5 0 
-50 10 0 
-50 15 0 
-50 20 0 
-50 25 0 
-50 30 0 
-50 35 0 
-50 40 0 
-50 45 0 
-50 50 0 
-50 55 0 
-50 60 0 
-50 65 0 
-50 70 0 
-50 75 0 
-50 80 0 
-50 85 0 
-50 90 0 
-50 95 0 
-50 100 0 
-50 105 0 
-50 110 0 
-50 115 0 
-50 120 0 
-50 125 0 
-50 130 0 
-50 135 0 
-50 140 0 
-50 145 0 
-50 150 0 
-50 155 0 
-50 160 0 
-50 165 0 
-50 170 0 
-50 175 0 
-45 -180 0 
-45 -175 0 
-45 -170 0 
-45 -165 0 
-45 -160 0 
-45 -155 0 
-45 -150 0 
-45 -145 0 
-45 -140 0 
-45 -135 0 
-45 -130 0 
-45 -125 0 
-45 -120 0 
-45 -115 0 
-45 -110 0 
-45 -105 0 
-45 -100 0 
-45 -95 0 
-45 -90 0 
-45 -85 0 
-45 -80 0 
-45 -75 0 
-45 -70 0 
-45 -65 0 
-45 -60 0 
-45 -55 0 
-45 -50 0 
-45 -45 0 
-45 -40 0 
-45 -35 0 
-45 -30 0 
-45 -25 0 
-45 -20 0 
-45 -15 0 
-45 -10 0 
-45 -5 0 
-45 0 0 
-45 5 0 
-45 10 0 
-45 15 0 
-45 20 0 
-45 25 0 
-45 30 0 
-45 35 0 
-45 40 0 
-45 45 0 
-45 50 0 
-45 55 0 
-45 60 0 
-45 65 0 
-45 70 0 
-45 75 0 
-45 80 0 
-45 85 0 
-45 90 0 
-45 95 0 
-45 100 0 
-45 105 0 
-45 110 0 
-45 115 0 
-45 120 0 
-45 125 0 
-45 130 0 
-45 135 0 
-45 140 0 
-45 145 0 
-45 150 0 
-45 155 0 
-45 160 0 
-45 165 0 
-45 170 0 
-45 175 0 
-40 -180 0 
-40 -175 0 
-40 -170 0 
-40 -165 0 
-40 -160 0 
-40 -155 0 
-40 -150 0 
-40 -145 0 
-40 -140 0 
-40 -135 0 
-40 -130 0 
-40 -125 0 
-40 -120 0 
-40 -115 0 
-40 -110 0 
-40 -105 0 
-40 -100 0 
-40 -95 0 
-40 -90 0 
-40 -85 0 
-40 -80 0 
-40 -75 0 
-40 -70 0 
-40 -65 0 
-40 -60 0 
-40 -55 0 
-40 -50 0 
-40 -45 0 
-40 -40 0 
-40 -35 0 
-40 -30 0 
-40 -25 0 
-40 -20 0 
-40 -15 0 
-40 -10 0 
-40 -5 0 
-40 0 0 
-40 5 0 
-40 10 0 
-40 15 0 
-40 20 0 
-40 25 0 
-40 30 0 
-40 35 0 
-40 40 0 
-40 45 0 
-40 50 0 
-40 55 0 
-40 60 0 
-40 65 0 
-40 70 0 
-40 75 0 
-40 80 0 
-40 85 0 
-40 90 0 
-40 95 0 
-40 100 0 
-40 105 0 
-40 110 0 
-40 115 0 
-40 120 0 
-40 125 0 
-40 130 0 
-40 135 0 
-40 140 0 
-40 145 0 
-40 150 0 
-40 155 0 
-40 160 0 
-40 165 0 
-40 170 0 
-40 175 0 
-35 -180 0 
-35 -175 0 
-35 -170 0 
-35 -165 0 
-35 -160 0 
-35 -155 0 
-35 -150 0 
-35 -145 0 
-35 -140 0 
-35 -135 0 
-35 -130 0 
-35 -125 0 
-35 -120 0 
-35 -115 0 
-35 -110 0 
-35 -105 0 
-35 -100 0 
-35 -95 0 
-35 -90 0 
-35 -85 0 
-35 -80 0 
-35 -75 0 
-35 -70 0 
-35 -65 0 
-35 -60 0 
-35 -55 0 
-35 -50 0 
-35 -45 0 
-35 -40 0 
-35 -35 0 
-35 -30 0 
-35 -25 0 
-35 -20 0 
-35 -15 0 
-35 -10 0 
-35 -5 0 
-35 0 0 
-35 5 0 
-35 10 0 
-35 15 0 
-35 20 0 
-35 25 0 
-35 30 0 
-35 35 0 
-35 40 0 
-35 45 0 
-35 50 0 
-35 55 0 
-35 60 0 
-35 65 0 
-35 70 0 
-35 75 0 
-35 80 0 
-35 85 0 
-35 90 0 
-35 95 0 
-35 100 0 
-35 105 0 
-35 110 0 
-35 115 0 
-35 120 0 
-35 125 0 
-35 130 0 
-35 135 0 
-35 140 0 
-35 145 0 
-35 150 0 
-35 155 0 
-35 160 0 
-35 165 0 
-35 170 0 
-35 175 0 
-30 -180 0 
-30 -175 0 
-30 -170 0 
-30 -165 0 
-30 -160 0 
-30 -155 0 
-30 -150 0 
-30 -145 0 
-30 -140 0 
-30 -135 0 
-30 -130 0 
-30 -125 0 
-30 -120 0 
-30 -115 0 
-30 -110 0 
-30 -105 0 
-30 -100 0 
-30 -95 0 
-30 -90 0 
-30 -85 0 
-30 -80 0 
-30 -75 0 
-30 -70 0 
-30 -65 0 
-30 -60 0 
-30 -55 0 
-30 -50 0 
-30 -45 0 
-30 -40 0 
-30 -35 0 
-30 -30 0 
-30 -25 0 
-30 -20 0 
-30 -15 0 
-30 -10 0 
-30 -5 0 
-30 0 0 
-30 5 0 
-30 10 0 
-30 15 0 
-30 20 0 
-30 25 0 
-30 30 0 
-30 35 0 
-30 40 0 
-30 45 0 
-30 50 0 
-30 55 0 
-30 60 0 
-30 65 0 
-30 70 0 
-30 75 0 
-30 80 0 
-30 85 0 
-30 90 0 
-30 95 0 
-30 100 0 
-30 105 0 
-30 110 0 
-30 115 0 
-30 120 0 
-30 125 0 
-30 130 0 
-30 135 0 
-30 140 0 
-30 145 0 
-30 150 0 
-30 155 0 
-30 160 0 
-30 165 0 
-30 170 0 
-30 175 0 
-25 -180 0 
-25 -175 0 
-25 -170 0 
-25 -165 0 
-25 -160 0 
-25 -155 0 
-25 -150 0 
-25 -145 0 
-25 -140 0 
-25 -135 0 
-25 -130 0 
-25 -125 0 
-25 -120 0 
-25 -115 0 
-25 -110 0 
-25 -105 0 
-25 -100 0 
-25 -95 0 
-25 -90 0 
-25 -85 0 
-25 -80 0 
-25 -75 0 
-25 -70 0 
-25 -65 0 
-25 -60 0 
-25 -55 0 
-25 -50 0 
-25 -45 0 
-25 -40 0 
-25 -35 0 
-25 -30 0 
-25 -25 0 
-25 -20 0 
-25 -15 0 
-25 -10 0 
-25 -5 0 
-25 0 0 
-25 5 0 
-25 10 0 
-25 15 0 
-25 20 0 
-25 25 0 
-25 30 0 
-25 35 0 
-25 40 0 
-25 45 0 
-25 50 0 
-25 55 0 
-25 60 0 
-25 65 0 
-25 70 0 
-25 75 0 
-25 80 0 
-25 85 0 
-25 90 0 
-25 95 0 
-25 100 0 
-25 105 0 
-25 110 0 
-25 115 0 
-25 120 0 
-25 125 0 
-25 130 0 
-25 135 0 
-25 140 0 
-25 145 0 
-25 150 0 
-25 155 0 
-25 160 0 
-25 165 0 
-25 170 0 
-25 175 0 
-20 -180 0 
-20 -175 0 
-20 -170 0 
-20 -165 0 
-20 -160 0 
-20 -155 0 
-20 -150 0 
-20 -145 0 
-20 -140 0 
-20 -135 0 
-20 -130 0 
-20 -125 0 
-20 -120 0 
-20 -115 0 
-20 -110 0 
-20 -105 0 
-20 -100 0 
-20 -95 0 
-20 -90 0 
-20 -85 0 
-20 -80 0 
-20 -75 0 
-20 -70 0 
-20 -65 0 
-20 -60 0 
-20 -55 0 
-20 -50 0 
-20 -45 0 
-20 -40 0 
-20 -35 0 
-20 -30 0 
-20 -25 0 
-20 -20 0 
-20 -15 0 
-20 -10 0 
-20 -5 0 
-20 0 0 
-20 5 0 
-20 10 0 
-20 15 0 
-20 20 0 
-20 25 0 
-20 30 0 
-20 35 0 
-20 40 0 
-20 45 0 
-20 50 0 
-20 55 0 
-20 60 0 
-20 65 0 
-20 70 0 
-20 75 0 
-20 80 0 
-20 85 0 
-20 90 0 
-20 95 0 
-20 100 0 
-20 105 0 
-20 110 0 
-20 115 0 
-20 120 0 
-20 125 0 
-20 130 0 
-20 135 0 
-20 140 0 
-20 145 0 
-20 150 0 
-20 155 0 
-20 160 0 
-20 165 0 
-20 170 0 
-20 175 0 
-15 -180 0 
-15 -175 0 
-15 -170 0 
-15 -165 0 
-15 -160 0 
-15 -155 0 
-15 -150 0 
-15 -145 0 
-15 -140 0 
-15 -135 0 
-15 -130 0 
-15 -125 0 
-15 -120 0 
-15 -115 0 
-15 -110 0 
-15 -105 0 
-15 -100 0 
-15 -95 0 
-15 -90 0 
-15 -85 0 
-15 -80 0 
-15 -75 0 
-15 -70 0 
-15 -65 0 
-15 -60 0 
-15 -55 0 
-15 -50 0 
-15 -45 0 
-15 -40 0 
-15 -35 0 
-15 -30 0 
-15 -25 0 
-15 -20 0 
-15 -15 0 
-15 -10 0 
-15 -5 0 
-15 0 0 
-15 5 0 
-15 10 0 
-15 15 0 
-15 20 0 
-15 25 0 
-15 30 0 
-15 35 0 
-15 40 0 
-15 45 0 
-15 50 0 
-15 55 0 
-15 60 0 
-15 65 0 
-15 70 0 
-15 75 0 
-15 80 0 
-15 85 0 
-15 90 0 
-15 95 0 
-15 100 0 
-15 105 0 
-15 110 0 
-15 115 0 
-15 120 0 
-15 125 0 
-15 130 0 
-15 135 0 
-15 140 0 
-15 145 0 
-15 150 0 
-15 155 0 
-15 160 0 
-15 165 0 
-15 170 0 
-15 175 0 
-10 -180 0 
-10 -175 0 
-10 -170 0 
-10 -165 0 
-10 -160 0 
-10 -155 0 
-10 -150 0 
-10 -145 0 
-10 -140 0 
-10 -135 0 
-10 -130 0 
-10 -125 0 
-10 -120 0 
-10 -115 0 
-10 -110 0 
-10 -105 0 
-10 -100 0 
-10 -95 0 
-10 -90 0 
-10 -85 0 
-10 -80 0 
-10 -75 0 
-10 -70 0 
-10 -65 0 
-10 -60 0 
-10 -55 0 
-10 -50 0 
-10 -45 0 
-10 -40 0 
-10 -35 0 
-10 -30 0 
-10 -25 0 
-10 -20 0 
-10 -15 0 
-10 -10 0 
-10 -5 0 
-10 0 0 
-10 5 0 
-10 10 0 
-10 15 0 
-10 20 0 
-10 25 0 
-10 30 0 
-10 35 0 
-10 40 0 
-10 45 0 
-10 50 0 
-10 55 0 
-10 60 0 
-10 65 0 
-10 70 0 
-10 75 0 
-10 80 0 
-10 85 0 
-10 90 0 
-10 95 0 
-10 100 0 
-10 105 0 
-10 110 0 
-10 115 0 
-10 120 0 
-10 125 0 
-10 130 0 
-10 135 0 
-10 140 0 
-10 145 0 
-10 150 0 
-10 155 0 
-10 160 0 
-10 165 0 
-10 170 0 
-10 175 0 
-5 -180 0 
-5 -175 0 
-5 -170 0 
-5 -165 0 
-5 -160 0 
-5 -155 0 
-5 -150 0 
-5 -145 0 
-5 -140 0 
-5 -135 0 
-5 -130 0 
-5 -125 0 
-5 -120 0 
-5 -115 0 
-5 -110 0 
-5 -105 0 
-5 -100 0 
-5 -95 0 
-5 -90 0 
-5 -85 0 
-5 -80 0 
-5 -75 0 
-5 -70 0 
-5 -65 0 
-5 -60 0 
-5 -55 0 
-5 -50 0 
-5 -45 0 
-5 -40 0 
-5 -35 0 
-5 -30 0 
-5 -25 0 
-5 -20 0 
-5 -15 0 
-5 -10 0 
-5 -5 0 
-5 0 0 
-5 5 0 
-5 10 0 
-5 15 0 
-5 20 0 
-5 25 0 
-5 30 0 
-5 35 0 
-5 40 0 
-5 45 0 
-5 50 0 
-5 55 0 
-5 60 0 
-5 65 0 
-5 70 0 
-5 75 0 
-5 80 0 
-5 85 0 
-5 90 0 
-5 95 0 
-5 100 0 
-5 105 0 
-5 110 0 
-5 115 0 
-5 120 0 
-5 125 0 
-5 130 0 
-5 135 0 
-5 140 0 
-5 145 0 
-5 150 0 
-5 155 0 
-5 160 0 
-5 165 0 
-5 170 0 
-5 175 0 
0 -180 0 
0 -175 0 
0 -170 0 
0 -165 0 
0 -160 0 
0 -155 0 
0 -150 0 
0 -145 0 
0 -140 0 
0 -135 0 
0 -130 0 
0 -125 0 
0 -120 0 
0 -115 0 
0 -110 0 
0 -105 0 
0 -100 0 
0 -95 0 
0 -90 0 
0 -85 0 
0 -80 0 
0 -75 0 
0 -70 0 
0 -65 0 
0 -60 0 
0 -55 0 
0 -50 0 
0 -45 0 
0 -40 0 
0 -35 0 
0 -30 0 
0 -25 0 
0 -20 0 
0 -15 0 
0 -10 0 
0 -5 0 
0 0 0 
0 5 0 
0 10 0 
0 15 0 
0 20 0 
0 25 0 
0 30 0 
0 35 0 
0 40 0 
0 45 0 
0 50 0 
0 55 0 
0 60 0 
0 65 0 
0 70 0 
0 75 0 
0 80 0 
0 85 0 
0 90 0 
0 95 0 
0 100 0 
0 105 0 
0 110 0 
0 115 0 
0 120 0 
0 125 0 
0 130 0 
0 135 0 
0 140 0 
0 145 0 
0 150 0 
0 155 0 
0 160 0 
0 165 0 
0 170 0 
0 175 0 
5 -180 0 
5 -175 0 
5 -170 0 
5 -165 0 
5 -160 0 
5 -155 0 
5 -150 0 
5 -145 0 
5 -140 0 
5 -135 0 
5 -130 0 
5 -125 0 
5 -120 0 
5 -115 0 
5 -110 0 
5 -105 0 
5 -100 0 
5 -95 0 
5 -90 0 
5 -85 0 
5 -80 0 
5 -75 0 
5 -70 0 
5 -65 0 
5 -60 0 
5 -55 0 
5 -50 0 
5 -45 0 
5 -40 0 
5 -35 0 
5 -30 0 
5 -25 0 
5 -20 0 
5 -15 0 
5 -10 0 
5 -5 0 
5 0 0 
5 5 0 
5 10 0 
5 15 0 
5 20 0 
5 25 0 
5 30 0 
5 35 0 
5 40 0 
5 45 0 
5 50 0 
5 55 0 
5 60 0 
5 65 0 
5 70 0 
5 75 0 
5 80 0 
5 85 0 
5 90 0 
5 95 0 
5 100 0 
5 105 0 
5 110 0 
5 115 0 
5 120 0 
5 125 0 
5 130 0 
5 135 0 
5 140 0 
5 145 0 
5 150 0 
5 155 0 
5 160 0 
5 165 0 
5 170 0 
5 175 0 
10 -180 0 
10 -175 0 
10 -170 0 
10 -165 0 
10 -160 0 
10 -155 0 
10 -150 0 
10 -145 0 
10 -140 0 
10 -135 0 
10 -130 0 
10 -125 0 
10 -120 0 
10 -115 0 
10 -110 0 
10 -105 0 
10 -100 0 
10 -95 0 
10 -90 0 
10 -85 0 
10 -80 0 
10 -75 0 
10 -70 0 
10 -65 0 
10 -60 0 
10 -55 0 
10 -50 0 
10 -45 0 
10 -40 0 
10 -35 0 
10 -30 0 
10 -25 0 
10 -20 0 
10 -15 0 
10 -10 0 
10 -5 0 
10 0 0 
10 5 0 
10 10 0 
10 15 0 
10 20 0 
10 25 0 
10 30 0 
10 35 0 
10 40 0 
10 45 0 
10 50 0 
10 55 0 
10 60 0 
10 65 0 
10 70 0 
10 75 0 
10 80 0 
10 85 0 
10 90 0 
10 95 0 
10 100 0 
10 105 0 
10 110 0 
10 115 0 
10 120 0 
10 125 0 
10 130 0 
10 135 0 
10 140 0 
10 145 0 
10 150 0 
10 155 0 
10 160 0 
10 165 0 
10 170 0 
10 175 0 
15 -180 0 
15 -175 0 
15 -170 0 
15 -165 0 
15 -160 0 
15 -155 0 
15 -150 0 
15 -145 0 
15 -140 0 
15 -135 0 
15 -130 0 
15 -125 0 
15 -120 0 
15 -115 0 
15 -110 0 
15 -105 0 
15 -100 0 
15 -95 0 
15 -90 0 
15 -85 0 
15 -80 0 
15 -75 0 
15 -70 0 
15 -65 0 
15 -60 0 
15 -55 0 
15 -50 0 
15 -45 0 
15 -40 0 
15 -35 0 
15 -30 0 
15 -25 0 
15 -20 0 
15 -15 0 
15 -10 0 
15 -5 0 
15 0 0 
15 5 0 
15 10 0 
15 15 0 
15 20 0 
15 25 0 
15 30 0 
15 35 0 
15 40 0 
15 45 0 
15 50 0 
15 55 0 
15 60 0 
15 65 0 
15 70 0 
15 75 0 
15 80 0 
15 85 0 
15 90 0 
15 95 0 
15 100 0 
15 105 0 
15 110 0 
15 115 0 
15 120 0 
15 125 0 
15 130 0 
15 135 0 
15 140 0 
15 145 0 
15 150 0 
15 155 0 
15 160 0 
15 165 0 
15 170 0 
15 175 0 
20 -180 0 
20 -175 0 
20 -170 0 
20 -165 0 
20 -160 0 
20 -155 0 
20 -150 0 
20 -145 0 
20 -140 0 
20 -135 0 
20 -130 0 
20 -125 0 
20 -120 0 
20 -115 0 
20 -110 0 
20 -105 0 
20 -100 0 
20 -95 0 
20 -90 0 
20 -85 0 
20 -80 0 
20 -75 0 
20 -70 0 
20 -65 0 
20 -60 0 
20 -55 0 
20 -50 0 
20 -45 0 
20 -40 0 
20 -35 0 
20 -30 0 
20 -25 0 
20 -20 0 
20 -15 0 
20 -10 0 
20 -5 0 
20 0 0 
20 5 0 
20 10 0 
20 15 0 
20 20 0 
20 25 0 
20 30 0 
20 35 0 
20 40 0 
20 45 0 
20 50 0 
20 55 0 
20 60 0 
20 65 0 
20 70 0 
20 75 0 
20 80 0 
20 85 0 
20 90 0 
20 95 0 
20 100 0 
20 105 0 
20 110 0 
20 115 0 
20 120 0 
20 125 0 
20 130 0 
20 135 0 
20 140 0 
20 145 0 
20 150 0 
20 155 0 
20 160 0 
20 165 0 
20 170 0 
20 175 0 
25 -180 0 
25 -175 0 
25 -170 0 
25 -165 0 
25 -160 0 
25 -155 0 
25 -150 0 
25 -145 0 
25 -140 0 
25 -135 0 
25 -130 0 
25 -125 0 
25 -120 0 
25 -115 0 
25 -110 0 
25 -105 0 
25 -100 0 
25 -95 0 
25 -90 0 
25 -85 0 
25 -80 0 
25 -75 0 
25 -70 0 
25 -65 0 
25 -60 0 
25 -55 0 
25 -50 0 
25 -45 0 
25 -40 0 
25 -35 0 
25 -30 0 
25 -25 0 
25 -20 0 
25 -15 0 
25 -10 0 
25 -5 0 
25 0 0 
25 5 0 
25 10 0 
25 15 0 
25 20 0 
25 25 0 
25 30 0 
25 35 0 
25 40 0 
25 45 0 
25 50 0 
25 55 0 
25 60 0 
25 65 0 
25 70 0 
25 75 0 
25 80 0 
25 85 0 
25 90 0 
25 95 0 
25 100 0 
25 105 0 
25 110 0 
25 115 0 
25 120 0 
25 125 0 
25 130 0 
25 135 0 
25 140 0 
25 145 0 
25 150 0 
25 155 0 
25 160 0 
25 165 0 
25 170 0 
25 175 0 
30 -180 0 
30 -175 0 
30 -170 0 
30 -165 0 
30 -160 0 
30 -155 0 
30 -150 0 
30 -145 0 
30 -140 0 
30 -135 0 
30 -130 0 
30 -125 0 
30 -120 0 
30 -115 0 
30 -110 0 
30 -105 0 
30 -100 0 
30 -95 0 
30 -90 0 
30 -85 0 
30 -80 0 
30 -75 0 
30 -70 0 
30 -65 0 
30 -60 0 
30 -55 0 
30 -50 0 
30 -45 0 
30 -40 0 
30 -35 0 
30 -30 0 
30 -25 0 
30 -20 0 
30 -15 0 
30 -10 0 
30 -5 0 
30 0 0 
30 5 0 
30 10 0 
30 15 0 
30 20 0 
30 25 0 
30 30 0 
30 35 0 
30 40 0 
30 45 0 
30 50 0 
30 55 0 
30 60 0 
30 65 0 
30 70 0 
30 75 0 
30 80 0 
30 85 0 
30 90 0 
30 95 0 
30 100 0 
30 105 0 
30 110 0 
30 115 0 
30 120 0 
30 125 0 
30 130 0 
30 135 0 
30 140 0 
30 145 0 
30 150 0 
30 155 0 
30 160 0 
30 165 0 
30 170 0 
30 175 0 
35 -180 0 
35 -175 0 
35 -170 0 
35 -165 0 
35 -160 0 
35 -155 0 
35 -150 0 
35 -145 0 
35 -140 0 
35 -135 0 
35 -130 0 
35 -125 0 
35 -120 0 
35 -115 0 
35 -110 0 
35 -105 0 
35 -100 0 
35 -95 0 
35 -90 0 
35 -85 0 
35 -80 0 
35 -75 0 
35 -70 0 
35 -65 0 
35 -60 0 
35 -55 0 
35 -50 0 
35 -45 0 
35 -40 0 
35 -35 0 
35 -30 0 
35 -25 0 
35 -20 0 
35 -15 0 
35 -10 0 
35 -5 0 
35 0 0 
35 5 0 
35 10 0 
35 15 0 
35 20 0 
35 25 0 
35 30 0 
35 35 0 
35 40 0 
35 45 0 
35 50 0 
35 55 0 
35 60 0 
35 65 0 
35 70 0 
35 75 0 
35 80 0 
35 85 0 
35 90 0 
35 95 0 
35 100 0 
35 105 0 
35 110 0 
35 115 0 
35 120 0 
35 125 0 
35 130 0 
35 135 0 
35 140 0 
35 145 0 
35 150 0 
35 155 0 
35 160 0 
35 165 0 
35 170 0 
35 175 0 
40 -180 0 
40 -175 0 
40 -170 0 
40 -165 0 
40 -160 0 
40 -155 0 
40 -150 0 
40 -145 0 
40 -140 0 
40 -135 0 
40 -130 0 
40 -125 0 
40 -120 0 
40 -115 0 
40 -110 0 
40 -105 0 
40 -100 0 
40 -95 0 
40 -90 0 
40 -85 0 
40 -80 0 
40 -75 0 
40 -70 0 
40 -65 0 
40 -60 0 
40 -55 0 
40 -50 0 
40 -45 0 
40 -40 0 
40 -35 0 
40 -30 0 
40 -25 0 
40 -20 0 
40 -15 0 
40 -10 0 
40 -5 0 
40 0 0 
40 5 0 
40 10 0 
40 15 0 
40 20 0 
40 25 0 
40 30 0 
40 35 0 
40 40 0 
40 45 0 
40 50 0 
40 55 0 
40 60 0 
40 65 0 
40 70 0 
40 75 0 
40 80 0 
40 85 0 
40 90 0 
40 95 0 
40 100 0 
40 105 0 
40 110 0 
40 115 0 
40 120 0 
40 125 0 
40 130 0 
40 135 0 
40 140 0 
40 145 0 
40 150 0 
40 155 0 
40 160 0 
40 165 0 
40 170 0 
40 175 0 
45 -180 0 
45 -175 0 
45 -170 0 
45 -165 0 
45 -160 0 
45 -155 0 
45 -150 0 
45 -145 0 
45 -140 0 
45 -135 0 
45 -130 0 
45 -125 0 
45 -120 0 
45 -115 0 
45 -110 0 
45 -105 0 
45 -100 0 
45 -95 0 
45 -90 0 
45 -85 0 
45 -80 0 
45 -75 0 
45 -70 0 
45 -65 0 
45 -60 0 
45 -55 0 
45 -50 0 
45 -45 0 
45 -40 0 
45 -35 0 
45 -30 0 
45 -25 0 
45 -20 0 
45 -15 0 
45 -10 0 
45 -5 0 
45 0 0 
45 5 0 
45 10 0 
45 15 0 
45 20 0 
45 25 0 
45 30 0 
45 35 0 
45 40 0 
45 45 0 
45 50 0 
45 55 0 
45 60 0 
45 65 0 
45 70 0 
45 75 0 
45 80 0 
45 85 0 
45 90 0 
45 95 0 
45 100 0 
45 105 0 
45 110 0 
45 115 0 
45 120 0 
45 125 0 
45 130 0 
45 135 0 
45 140 0 
45 145 0 
45 150 0 
45 155 0 
45 160 0 
45 165 0 
45 170 0 
45 175 0 
50 -180 0 
50 -175 0 
50 -170 0 
50 -165 0 
50 -160 0 
50 -155 0 
50 -150 0 
50 -145 0 
50 -140 0 
50 -135 0 
50 -130 0 
50 -125 0 
50 -120 0 
50 -115 0 
50 -110 0 
50 -105 0 
50 -100 0 
50 -95 0 
50 -90 0 
50 -85 0 
50 -80 0 
50 -75 0 
50 -70 0 
50 -65 0 
50 -60 0 
50 -55 0 
50 -50 0 
50 -45 0 
50 -40 0 
50 -35 0 
50 -30 0 
50 -25 0 
50 -20 0 
50 -15 0 
50 -10 0 
50 -5 0 
50 0 0 
50 5 0 
50 10 0 
50 15 0 
50 20 0 
50 25 0 
50 30 0 
50 35 0 
50 40 0 
50 45 0 
50 50 0 
50 55 0 
50 60 0 
50 65 0 
50 70 0 
50 75 0 
50 80 0 
50 85 0 
50 90 0 
50 95 0 
50 100 0 
50 105 0 
50 110 0 
50 115 0 
50 120 0 
50 125 0 
50 130 0 
50 135 0 
50 140 0 
50 145 0 
50 150 0 
50 155 0 
50 160 0 
50 165 0 
50 170 0 
50 175 0 
55 -180 0 
55 -175 0 
55 -170 0 
55 -165 0 
55 -160 0 
55 -155 0 
55 -150 0 
55 -145 0 
55 -140 0 
55 -135 0 
55 -130 0 
55 -125 0 
55 -120 0 
55 -115 0 
55 -110 0 
55 -105 0 
55 -100 0 
55 -95 0 
55 -90 0 
55 -85 0 
55 -80 0 
55 -75 0 
55 -70 0 
55 -65 0 
55 -60 0 
55 -55 0 
55 -50 0 
55 -45 0 
55 -40 0 
55 -35 0 
55 -30 0 
55 -25 0 
55 -20 0 
55 -15 0 
55 -10 0 
55 -5 0 
55 0 0 
55 5 0 
55 10 0 
55 15 0 
55 20 0 
55 25 0 
55 30 0 
55 35 0 
55 40 0 
55 45 0 
55 50 0 
55 55 0 
55 60 0 
55 65 0 
55 70 0 
55 75 0 
55 80 0 
55 85 0 
55 90 0 
55 95 0 
55 100 0 
55 105 0 
55 110 0 
55 115 0 
55 120 0 
55 125 0 
55 130 0 
55 135 0 
55 140 0 
55 145 0 
55 150 0 
55 155 0 
55 160 0 
55 165 0 
55 170 0 
55 175 0 
60 -180 0 
60 -175 0 
60 -170 0 
60 -165 0 
60 -160 0 
60 -155 0 
60 -150 0 
60 -145 0 
60 -140 0 
60 -135 0 
60 -130 0 
60 -125 0 
60 -120 0 
60 -115 0 
60 -110 0 
60 -105 0 
60 -100 0 
60 -95 0 
60 -90 0 
60 -85 0 
60 -80 0 
60 -75 0 
60 -70 0 
60 -65 0 
60 -60 0 
60 -55 0 
60 -50 0 
60 -45 0 
60 -40 0 
60 -35 0 
60 -30 0 
60 -25 0 
60 -20 0 
60 -15 0 
60 -10 0 
60 -5 0 
60 0 0 
60 5 0 
60 10 0 
60 15 0 
60 20 0 
60 25 0 
60 30 0 
60 35 0 
60 40 0 
60 45 0 
60 50 0 
60 55 0 
60 60 0 
60 65 0 
60 70 0 
60 75 0 
60 80 0 
60 85 0 
60 90 0 
60 95 0 
60 100 0 
60 105 0 
60 110 0 
60 115 0 
60 120 0 
60 125 0 
60 130 0 
60 135 0 
60 140 0 
60 145 0 
60 150 0 
60 155 0 
60 160 0 
60 165 0 
60 170 0 
60 175 0 
65 -180 0 
65 -175 0 
65 -170 0 
65 -165 0 
65 -160 0 
65 -155 0 
65 -150 0 
65 -145 0 
65 -140 0 
65 -135 0 
65 -130 0 
65 -125 0 
65 -120 0 
65 -115 0 
65 -110 0 
65 -105 0 
65 -100 0 
65 -95 0 
65 -90 0 
65 -85 0 
65 -80 0 
65 -75 0 
65 -70 0 
65 -65 0 
65 -60 0 
65 -55 0 
65 -50 0 
65 -45 0 
65 -40 0 
65 -35 0 
65 -30 0 
65 -25 0 
65 -20 0 
65 -15 0 
65 -10 0 
65 -5 0 
65 0 0 
65 5 0 
65 10 0 
65 15 0 
65 20 0 
65 25 0 
65 30 0 
65 35 0 
65 40 0 
65 45 0 
65 50 0 
65 55 0 
65 60 0 
65 65 0 
65 70 0 
65 75 0 
65 80 0 
65 85 0 
65 90 0 
65 95 0 
65 100 0 
65 105 0 
65 110 0 
65 115 0 
65 120 0 
65 125 0 
65 130 0 
65 135 0 
65 140 0 
65 145 0 
65 150 0 
65 155 0 
65 160 0 
65 165 0 
65 170 0 
65 175 0 
70 -180 0 
70 -175 0 
70 -170 0 
70 -165 0 
70 -160 0 
70 -155 0 
70 -150 0 
70 -145 0 
70 -140 0 
70 -135 0 
70 -130 0 
70 -125 0 
70 -120 0 
70 -115 0 
70 -110 0 
70 -105 0 
70 -100 0 
70 -95 0 
70 -90 0 
70 -85 0 
70 -80 0 
70 -75 0 
70 -70 0 
70 -65 0 
70 -60 0 
70 -55 0 
70 -50 0 
70 -45 0 
70 -40 0 
70 -35 0 
70 -30 0 
70 -25 0 
70 -20 0 
70 -15 0 
70 -10 0 
70 -5 0 
70 0 0 
70 5 0 
70 10 0 
70 15 0 
70 20 0 
70 25 0 
70 30 0 
70 35 0 
70 40 0 
70 45 0 
70 50 0 
70 55 0 
70 60 0 
70 65 0 
70 70 0 
70 75 0 
70 80 0 
70 85 0 
70 90 0 
70 95 0 
70 100 0 
70 105 0 
70 110 0 
70 115 0 
70 120 0 
70 125 0 
70 130 0 
70 135 0 
70 140 0 
70 145 0 
70 150 0 
70 155 0 
70 160 0 
70 165 0 
70 170 0 
70 175 0 
75 -180 0 
75 -175 0 
75 -170 0 
75 -165 0 
75 -160 0 
75 -155 0 
75 -150 0 
75 -145 0 
75 -140 0 
75 -135 0 
75 -130 0 
75 -125 0 
75 -120 0 
75 -115 0 
75 -110 0 
75 -105 0 
75 -100 0 
75 -95 0 
75 -90 0 
75 -85 0 
75 -80 0 
75 -75 0 
75 -70 0 
75 -65 0 
75 -60 0 
75 -55 0 
75 -50 0 
75 -45 0 
75 -40 0 
75 -35 0 
75 -30 0 
75 -25 0 
75 -20 0 
75 -15 0 
75 -10 0 
75 -5 0 
75 0 0 
75 5 0 
75 10 0 
75 15 0 
75 20 0 
75 25 0 
75 30 0 
75 35 0 
75 40 0 
75 45 0 
75 50 0 
75 55 0 
75 60 0 
75 65 0 
75 70 0 
75 75 0 
75 80 0 
75 85 0 
75 90 0 
75 95 0 
75 100 0 
75 105 0 
75 110 0 
75 115 0 
75 120 0 
75 125 0 
75 130 0 
75 135 0 
75 140 0 
75 145 0 
75 150 0 
75 155 0 
75 160 0 
75 165 0 
75 170 0 
75 175 0 
80 -180 0 
80 -175 0 
80 -170 0 
80 -165 0 
80 -160 0 
80 -155 0 
80 -150 0 
80 -145 0 
80 -140 0 
80 -135 0 
80 -130 0 
80 -125 0 
80 -120 0 
80 -115 0 
80 -110 0 
80 -105 0 
80 -100 0 
80 -95 0 
80 -90 0 
80 -85 0 
80 -80 0 
80 -75 0 
80 -70 0 
80 -65 0 
80 -60 0 
80 -55 0 
80 -50 0 
80 -45 0 
80 -40 0 
80 -35 0 
80 -30 0 
80 -25 0 
80 -20 0 
80 -15 0 
80 -10 0 
80 -5 0 
80 0 0 
80 5 0 
80 10 0 
80 15 0 
80 20 0 
80 25 0 
80 30 0 
80 35 0 
80 40 0 
80 45 0 
80 50 0 
80 55 0 
80 60 0 
80 65 0 
80 70 0 
80 75 0 
80 80 0 
80 85 0 
80 90 0 
80 95 0 
80 100 0 
80 105 0 
80 110 0 
80 115 0 
80 120 0 
80 125 0 
80 130 0 
80 135 0 
80 140 0 
80 145 0 
80 150 0 
80 155 0 
80 160 0 
80 165 0 
80 170 0 
80 175 0 
85 -180 0 
85 -175 0 
85 -170 0 
85 -165 0 
85 -160 0 
85 -155 0 
85 -150 0 
85 -145 0 
85 -140 0 
85 -135 0 
85 -130 0 
85 -125 0 
85 -120 0 
85 -115 0 
85 -110 0 
85 -105 0 
85 -100 0 
85 -95 0 
85 -90 0 
85 -85 0 
85 -80 0 
85 -75 0 
85 -70 0 
85 -65 0 
85 -60 0 
85 -55 0 
85 -50 0 
85 -45 0 
85 -40 0 
85 -35 0 
85 -30 0 
85 -25 0 
85 -20 0 
85 -15 0 
85 -10 0 
85 -5 0 
85 0 0 
85 5 0 
85 10 0 
85 15 0 
85 20 0 
85 25 0 
85 30 0 
85 35 0 
85 40 0 
85 45 0 
85 50 0 
85 55 0 
85 60 0 
85 65 0 
85 70 0 
85 75 0 
85 80 0 
85 85 0 
85 90 0 
85 95 0 
85 100 0 
85 105 0 
85 110 0 
85 115 0 
85 120 0 
85 125 0 
85 130 0 
85 135 0 
85 140 0 
85 145 0 
85 150 0 
85 155 0 
85 160 0 
85 165 0 
85 170 0 
85 175 0 
90 -180 0 
90 -175 0 
90 -170 0 
90 -165 0 
90 -160 0 
90 -155 0 
90 -150 0 
90 -145 0 
90 -140 0 
90 -135 0 
90 -130 0 
90 -125 0 
90 -120 0 
90 -115 0 
90 -110 0 
90 -105 0 
90 -100 0 
90 -95 0 
90 -90 0 
90 -85 0 
90 -80 0 
90 -75 0 
90 -70 0 
90 -65 0 
90 -60 0 
90 -55 0 
90 -50 0 
90 -45 0 
90 -40 0 
90 -35 0 
90 -30 0 
90 -25 0 
90 -20 0 
90 -15 0 
90 -10 0 
90 -5 0 
90 0 0 
90 5 0 
90 10 0 
90 15 0 
90 20 0 
90 25 0 
90 30 0 
90 35 0 
90 40 0 
90 45 0 
90 50 0 
90 55 0 
90 60 0 
90 65 0 
90 70 0 
90 75 0 
90 80 0 
90 85 0 
90 90 0 
90 95 0 
90 100 0 
90 105 0 
90 110 0 
90 115 0 
90 120 0 
90 125 0 
90 130 0 
90 135 0 
90 140 0 
90 145 0 
90 150 0 
90 155 0 
90 160 0 
90 165 0 
90 170 0 
90 175 0 
95 -180 0 
95 -175 0 
95 -170 0 
95 -165 0 
95 -160 0 
95 -155 0 
95 -150 0 
95 -145 0 
95 -140 0 
95 -135 0 
95 -130 0 
95 -125 0 
95 -120 0 
95 -115 0 
95 -110 0 
95 -105 0 
95 -100 0 
95 -95 0 
95 -90 0 
95 -85 0 
95 -80 0 
95 -75 0 
95 -70 0 
95 -65 0 
95 -60 0 
95 -55 0 
95 -50 0 
95 -45 0 
95 -40 0 
95 -35 0 
95 -30 0 
95 -25 0 
95 -20 0 
95 -15 0 
95 -10 0 
95 -5 0 
95 0 0 
95 5 0 
95 10 0 
95 15 0 
95 20 0 
95 25 0 
95 30 0 
95 35 0 
95 40 0 
95 45 0 
95 50 0 
95 55 0 
95 60 0 
95 65 0 
95 70 0 
95 75 0 
95 80 0 
95 85 0 
95 90 0 
95 95 0 
95 100 0 
95 105 0 
95 110 0 
95 115 0 
95 120 0 
95 125 0 
95 130 0 
95 135 0 
95 140 0 
95 145 0 
95 150 0 
95 155 0 
95 160 0 
95 165 0 
95 170 0 
95 175 0 
100 -180 0 
100 -175 0 
100 -170 0 
100 -165 0 
100 -160 0 
100 -155 0 
100 -150 0 
100 -145 0 
100 -140 0 
100 -135 0 
100 -130 0 
100 -125 0 
100 -120 0 
100 -115 0 
100 -110 0 
100 -105 0 
100 -100 0 
100 -95 0 
100 -90 0 
100 -85 0 
100 -80 0 
100 -75 0 
100 -70 0 
100 -65 0 
100 -60 0 
100 -55 0 
100 -50 0 
100 -45 0 
100 -40 0 
100 -35 0 
100 -30 0 
100 -25 0 
100 -20 0 
100 -15 0 
100 -10 0 
100 -5 0 
100 0 0 
100 5 0 
100 10 0 
100 15 0 
100 20 0 
100 25 0 
100 30 0 
100 35 0 
100 40 0 
100 45 0 
100 50 0 
100 55 0 
100 60 0 
100 65 0 
100 70 0 
100 75 0 
100 80 0 
100 85 0 
100 90 0 
100 95 0 
100 100 0 
100 105 0 
100 110 0 
100 115 0 
100 120 0 
100 125 0 
100 130 0 
100 135 0 
100 140 0 
100 145 0 
100 150 0 
100 155 0 
100 160 0 
100 165 0 
100 170 0 
100 175 0 
105 -180 0 
105 -175 0 
105 -170 0 
105 -165 0 
105 -160 0 
105 -155 0 
105 -150 0 
105 -145 0 
105 -140 0 
105 -135 0 
105 -130 0 
105 -125 0 
105 -120 0 
105 -115 0 
105 -110 0 
105 -105 0 
105 -100 0 
105 -95 0 
105 -90 0 
105 -85 0 
105 -80 0 
105 -75 0 
105 -70 0 
105 -65 0 
105 -60 0 
105 -55 0 
105 -50 0 
105 -45 0 
105 -40 0 
105 -35 0 
105 -30 0 
105 -25 0 
105 -20 0 
105 -15 0 
105 -10 0 
105 -5 0 
105 0 0 
105 5 0 
105 10 0 
105 15 0 
105 20 0 
105 25 0 
105 30 0 
105 35 0 
105 40 0 
105 45 0 
105 50 0 
105 55 0 
105 60 0 
105 65 0 
105 70 0 
105 75 0 
105 80 0 
105 85 0 
105 90 0 
105 95 0 
105 100 0 
105 105 0 
105 110 0 
105 115 0 
105 120 0 
105 125 0 
105 130 0 
105 135 0 
105 140 0 
105 145 0 
105 150 0 
105 155 0 
105 160 0 
105 165 0 
105 170 0 
105 175 0 
110 -180 0 
110 -175 0 
110 -170 0 
110 -165 0 
110 -160 0 
110 -155 0 
110 -150 0 
110 -145 0 
110 -140 0 
110 -135 0 
110 -130 0 
110 -125 0 
110 -120 0 
110 -115 0 
110 -110 0 
110 -105 0 
110 -100 0 
110 -95 0 
110 -90 0 
110 -85 0 
110 -80 0 
110 -75 0 
110 -70 0 
110 -65 0 
110 -60 0 
110 -55 0 
110 -50 0 
110 -45 0 
110 -40 0 
110 -35 0 
110 -30 0 
110 -25 0 
110 -20 0 
110 -15 0 
110 -10 0 
110 -5 0 
110 0 0 
110 5 0 
110 10 0 
110 15 0 
110 20 0 
110 25 0 
110 30 0 
110 35 0 
110 40 0 
110 45 0 
110 50 0 
110 55 0 
110 60 0 
110 65 0 
110 70 0 
110 75 0 
110 80 0 
110 85 0 
110 90 0 
110 95 0 
110 100 0 
110 105 0 
110 110 0 
110 115 0 
110 120 0 
110 125 0 
110 130 0 
110 135 0 
110 140 0 
110 145 0 
110 150 0 
110 155 0 
110 160 0 
110 165 0 
110 170 0 
110 175 0 
115 -180 0 
115 -175 0 
115 -170 0 
115 -165 0 
115 -160 0 
115 -155 0 
115 -150 0 
115 -145 0 
115 -140 0 
115 -135 0 
115 -130 0 
115 -125 0 
115 -120 0 
115 -115 0 
115 -110 0 
115 -105 0 
115 -100 0 
115 -95 0 
115 -90 0 
115 -85 0 
115 -80 0 
115 -75 0 
115 -70 0 
115 -65 0 
115 -60 0 
115 -55 0 
115 -50 0 
115 -45 0 
115 -40 0 
115 -35 0 
115 -30 0 
115 -25 0 
115 -20 0 
115 -15 0 
115 -10 0 
115 -5 0 
115 0 0 
115 5 0 
115 10 0 
115 15 0 
115 20 0 
115 25 0 
115 30 0 
115 35 0 
115 40 0 
115 45 0 
115 50 0 
115 55 0 
115 60 0 
115 65 0 
115 70 0 
115 75 0 
115 80 0 
115 85 0 
115 90 0 
115 95 0 
115 100 0 
115 105 0 
115 110 0 
115 115 0 
115 120 0 
115 125 0 
115 130 0 
115 135 0 
115 140 0 
115 145 0 
115 150 0 
115 155 0 
115 160 0 
115 165 0 
115 170 0 
115 175 0 
120 -180 0 
120 -175 0 
120 -170 0 
120 -165 0 
120 -160 0 
120 -155 0 
120 -150 0 
120 -145 0 
120 -140 0 
120 -135 0 
120 -130 0 
120 -125 0 
120 -120 0 
120 -115 0 
120 -110 0 
120 -105 0 
120 -100 0 
120 -95 0 
120 -90 0 
120 -85 0 
120 -80 0 
120 -75 0 
120 -70 0 
120 -65 0 
120 -60 0 
120 -55 0 
120 -50 0 
120 -45 0 
120 -40 0 
120 -35 0 
120 -30 0 
120 -25 0 
120 -20 0 
120 -15 0 
120 -10 0 
120 -5 0 
120 0 0 
120 5 0 
120 10 0 
120 15 0 
120 20 0 
120 25 0 
120 30 0 
120 35 0 
120 40 0 
120 45 0 
120 50 0 
120 55 0 
120 60 0 
120 65 0 
120 70 0 
120 75 0 
120 80 0 
120 85 0 
120 90 0 
120 95 0 
120 100 0 
120 105 0 
120 110 0 
120 115 0 
120 120 0 
120 125 0 
120 130 0 
120 135 0 
120 140 0 
120 145 0 
120 150 0 
120 155 0 
120 160 0 
120 165 0 
120 170 0 
120 175 0 
125 -180 0 
125 -175 0 
125 -170 0 
125 -165 0 
125 -160 0 
125 -155 0 
125 -150 0 
125 -145 0 
125 -140 0 
125 -135 0 
125 -130 0 
125 -125 0 
125 -120 0 
125 -115 0 
125 -110 0 
125 -105 0 
125 -100 0 
125 -95 0 
125 -90 0 
125 -85 0 
125 -80 0 
125 -75 0 
125 -70 0 
125 -65 0 
125 -60 0 
125 -55 0 
125 -50 0 
125 -45 0 
125 -40 0 
125 -35 0 
125 -30 0 
125 -25 0 
125 -20 0 
125 -15 0 
125 -10 0 
125 -5 0 
125 0 0 
125 5 0 
125 10 0 
125 15 0 
125 20 0 
125 25 0 
125 30 0 
125 35 0 
125 40 0 
125 45 0 
125 50 0 
125 55 0 
125 60 0 
125 65 0 
125 70 0 
125 75 0 
125 80 0 
125 85 0 
125 90 0 
125 95 0 
125 100 0 
125 105 0 
125 110 0 
125 115 0 
125 120 0 
125 125 0 
125 130 0 
125 135 0 
125 140 0 
125 145 0 
125 150 0 
125 155 0 
125 160 0 
125 165 0 
125 170 0 
125 175 0 
130 -180 0 
130 -175 0 
130 -170 0 
130 -165 0 
130 -160 0 
130 -155 0 
130 -150 0 
130 -145 0 
130 -140 0 
130 -135 0 
130 -130 0 
130 -125 0 
130 -120 0 
130 -115 0 
130 -110 0 
130 -105 0 
130 -100 0 
130 -95 0 
130 -90 0 
130 -85 0 
130 -80 0 
130 -75 0 
130 -70 0 
130 -65 0 
130 -60 0 
130 -55 0 
130 -50 0 
130 -45 0 
130 -40 0 
130 -35 0 
130 -30 0 
130 -25 0 
130 -20 0 
130 -15 0 
130 -10 0 
130 -5 0 
130 0 0 
130 5 0 
130 10 0 
130 15 0 
130 20 0 
130 25 0 
130 30 0 
130 35 0 
130 40 0 
130 45 0 
130 50 0 
130 55 0 
130 60 0 
130 65 0 
130 70 0 
130 75 0 
130 80 0 
130 85 0 
130 90 0 
130 95 0 
130 100 0 
130 105 0 
130 110 0 
130 115 0 
130 120 0 
130 125 0 
130 130 0 
130 135 0 
130 140 0 
130 145 0 
130 150 0 
130 155 0 
130 160 0 
130 165 0 
130 170 0 
130 175 0 
135 -180 0 
135 -175 0 
135 -170 0 
135 -165 0 
135 -160 0 
135 -155 0 
135 -150 0 
135 -145 0 
135 -140 0 
135 -135 0 
135 -130 0 
135 -125 0 
135 -120 0 
135 -115 0 
135 -110 0 
135 -105 0 
135 -100 0 
135 -95 0 
135 -90 0 
135 -85 0 
135 -80 0 
135 -75 0 
135 -70 0 
135 -65 0 
135 -60 0 
135 -55 0 
135 -50 0 
135 -45 0 
135 -40 0 
135 -35 0 
135 -30 0 
135 -25 0 
135 -20 0 
135 -15 0 
135 -10 0 
135 -5 0 
135 0 0 
135 5 0 
135 10 0 
135 15 0 
135 20 0 
135 25 0 
135 30 0 
135 35 0 
135 40 0 
135 45 0 
135 50 0 
135 55 0 
135 60 0 
135 65 0 
135 70 0 
135 75 0 
135 80 0 
135 85 0 
135 90 0 
135 95 0 
135 100 0 
135 105 0 
135 110 0 
135 115 0 
135 120 0 
135 125 0 
135 130 0 
135 135 0 
135 140 0 
135 145 0 
135 150 0 
135 155 0 
135 160 0 
135 165 0 
135 170 0 
135 175 0 
140 -180 0 
140 -175 0 
140 -170 0 
140 -165 0 
140 -160 0 
140 -155 0 
140 -150 0 
140 -145 0 
140 -140 0 
140 -135 0 
140 -130 0 
140 -125 0 
140 -120 0 
140 -115 0 
140 -110 0 
140 -105 0 
140 -100 0 
140 -95 0 
140 -90 0 
140 -85 0 
140 -80 0 
140 -75 0 
140 -70 0 
140 -65 0 
140 -60 0 
140 -55 0 
140 -50 0 
140 -45 0 
140 -40 0 
140 -35 0 
140 -30 0 
140 -25 0 
140 -20 0 
140 -15 0 
140 -10 0 
140 -5 0 
140 0 0 
140 5 0 
140 10 0 
140 15 0 
140 20 0 
140 25 0 
140 30 0 
140 35 0 
140 40 0 
140 45 0 
140 50 0 
140 55 0 
140 60 0 
140 65 0 
140 70 0 
140 75 0 
140 80 0 
140 85 0 
140 90 0 
140 95 0 
140 100 0 
140 105 0 
140 110 0 
140 115 0 
140 120 0 
140 125 0 
140 130 0 
140 135 0 
140 140 0 
140 145 0 
140 150 0 
140 155 0 
140 160 0 
140 165 0 
140 170 0 
140 175 0 
145 -180 0 
145 -175 0 
145 -170 0 
145 -165 0 
145 -160 0 
145 -155 0 
145 -150 0 
145 -145 0 
145 -140 0 
145 -135 0 
145 -130 0 
145 -125 0 
145 -120 0 
145 -115 0 
145 -110 0 
145 -105 0 
145 -100 0 
145 -95 0 
145 -90 0 
145 -85 0 
145 -80 0 
145 -75 0 
145 -70 0 
145 -65 0 
145 -60 0 
145 -55 0 
145 -50 0 
145 -45 0 
145 -40 0 
145 -35 0 
145 -30 0 
145 -25 0 
145 -20 0 
145 -15 0 
145 -10 0 
145 -5 0 
145 0 0 
145 5 0 
145 10 0 
145 15 0 
145 20 0 
145 25 0 
145 30 0 
145 35 0 
145 40 0 
145 45 0 
145 50 0 
145 55 0 
145 60 0 
145 65 0 
145 70 0 
145 75 0 
145 80 0 
145 85 0 
145 90 0 
145 95 0 
145 100 0 
145 105 0 
145 110 0 
145 115 0 
145 120 0 
145 125 0 
145 130 0 
145 135 0 
145 140 0 
145 145 0 
145 150 0 
145 155 0 
145 160 0 
145 165 0 
145 170 0 
145 175 0 
150 -180 0 
150 -175 0 
150 -170 0 
150 -165 0 
150 -160 0 
150 -155 0 
150 -150 0 
150 -145 0 
150 -140 0 
150 -135 0 
150 -130 0 
150 -125 0 
150 -120 0 
150 -115 0 
150 -110 0 
150 -105 0 
150 -100 0 
150 -95 0 
150 -90 0 
150 -85 0 
150 -80 0 
150 -75 0 
150 -70 0 
150 -65 0 
150 -60 0 
150 -55 0 
150 -50 0 
150 -45 0 
150 -40 0 
150 -35 0 
150 -30 0 
150 -25 0 
150 -20 0 
150 -15 0 
150 -10 0 
150 -5 0 
150 0 0 
150 5 0 
150 10 0 
150 15 0 
150 20 0 
150 25 0 
150 30 0 
150 35 0 
150 40 0 
150 45 0 
150 50 0 
150 55 0 
150 60 0 
150 65 0 
150 70 0 
150 75 0 
150 80 0 
150 85 0 
150 90 0 
150 95 0 
150 100 0 
150 105 0 
150 110 0 
150 115 0 
150 120 0 
150 125 0 
150 130 0 
150 135 0 
150 140 0 
150 145 0 
150 150 0 
150 155 0 
150 160 0 
150 165 0 
150 170 0 
150 175 0 
155 -180 0 
155 -175 0 
155 -170 0 
155 -165 0 
155 -160 0 
155 -155 0 
155 -150 0 
155 -145 0 
155 -140 0 
155 -135 0 
155 -130 0 
155 -125 0 
155 -120 0 
155 -115 0 
155 -110 0 
155 -105 0 
155 -100 0 
155 -95 0 
155 -90 0 
155 -85 0 
155 -80 0 
155 -75 0 
155 -70 0 
155 -65 0 
155 -60 0 
155 -55 0 
155 -50 0 
155 -45 0 
155 -40 0 
155 -35 0 
155 -30 0 
155 -25 0 
155 -20 0 
155 -15 0 
155 -10 0 
155 -5 0 
155 0 0 
155 5 0 
155 10 0 
155 15 0 
155 20 0 
155 25 0 
155 30 0 
155 35 0 
155 40 0 
155 45 0 
155 50 0 
155 55 0 
155 60 0 
155 65 0 
155 70 0 
155 75 0 
155 80 0 
155 85 0 
155 90 0 
155 95 0 
155 100 0 
155 105 0 
155 110 0 
155 115 0 
155 120 0 
155 125 0 
155 130 0 
155 135 0 
155 140 0 
155 145 0 
155 150 0 
155 155 0 
155 160 0 
155 165 0 
155 170 0 
155 175 0 
160 -180 0 
160 -175 0 
160 -170 0 
160 -165 0 
160 -160 0 
160 -155 0 
160 -150 0 
160 -145 0 
160 -140 0 
160 -135 0 
160 -130 0 
160 -125 0 
160 -120 0 
160 -115 0 
160 -110 0 
160 -105 0 
160 -100 0 
160 -95 0 
160 -90 0 
160 -85 0 
160 -80 0 
160 -75 0 
160 -70 0 
160 -65 0 
160 -60 0 
160 -55 0 
160 -50 0 
160 -45 0 
160 -40 0 
160 -35 0 
160 -30 0 
160 -25 0 
160 -20 0 
160 -15 0 
160 -10 0 
160 -5 0 
160 0 0 
160 5 0 
160 10 0 
160 15 0 
160 20 0 
160 25 0 
160 30 0 
160 35 0 
160 40 0 
160 45 0 
160 50 0 
160 55 0 
160 60 0 
160 65 0 
160 70 0 
160 75 0 
160 80 0 
160 85 0 
160 90 0 
160 95 0 
160 100 0 
160 105 0 
160 110 0 
160 115 0 
160 120 0 
160 125 0 
160 130 0 
160 135 0 
160 140 0 
160 145 0 
160 150 0 
160 155 0 
160 160 0 
160 165 0 
160 170 0 
160 175 0 
165 -180 0 
165 -175 0 
165 -170 0 
165 -165 0 
165 -160 0 
165 -155 0 
165 -150 0 
165 -145 0 
165 -140 0 
165 -135 0 
165 -130 0 
165 -125 0 
165 -120 0 
165 -115 0 
165 -110 0 
165 -105 0 
165 -100 0 
165 -95 0 
165 -90 0 
165 -85 0 
165 -80 0 
165 -75 0 
165 -70 0 
165 -65 0 
165 -60 0 
165 -55 0 
165 -50 0 
165 -45 0 
165 -40 0 
165 -35 0 
165 -30 0 
165 -25 0 
165 -20 0 
165 -15 0 
165 -10 0 
165 -5 0 
165 0 0 
165 5 0 
165 10 0 
165 15 0 
165 20 0 
165 25 0 
165 30 0 
165 35 0 
165 40 0 
165 45 0 
165 50 0 
165 55 0 
165 60 0 
165 65 0 
165 70 0 
165 75 0 
165 80 0 
165 85 0 
165 90 0 
165 95 0 
165 100 0 
165 105 0 
165 110 0 
165 115 0 
165 120 0 
165 125 0 
165 130 0 
165 135 0 
165 140 0 
165 145 0 
165 150 0 
165 155 0 
165 160 0 
165 165 0 
165 170 0 
165 175 0 
170 -180 0 
170 -175 0 
170 -170 0 
170 -165 0 
170 -160 0 
170 -155 0 
170 -150 0 
170 -145 0 
170 -140 0 
170 -135 0 
170 -130 0 
170 -125 0 
170 -120 0 
170 -115 0 
170 -110 0 
170 -105 0 
170 -100 0 
170 -95 0 
170 -90 0 
170 -85 0 
170 -80 0 
170 -75 0 
170 -70 0 
170 -65 0 
170 -60 0 
170 -55 0 
170 -50 0 
170 -45 0 
170 -40 0 
170 -35 0 
170 -30 0 
170 -25 0 
170 -20 0 
170 -15 0 
170 -10 0 
170 -5 0 
170 0 0 
170 5 0 
170 10 0 
170 15 0 
170 20 0 
170 25 0 
170 30 0 
170 35 0 
170 40 0 
170 45 0 
170 50 0 
170 55 0 
170 60 0 
170 65 0 
170 70 0 
170 75 0 
170 80 0 
170 85 0 
170 90 0 
170 95 0 
170 100 0 
170 105 0 
170 110 0 
170 115 0 
170 120 0 
170 125 0 
170 130 0 
170 135 0 
170 140 0 
170 145 0 
170 150 0 
170 155 0 
170 160 0 
170 165 0 
170 170 0 
170 175 0 
175 -180 0 
175 -175 0 
175 -170 0 
175 -165 0 
175 -160 0 
175 -155 0 
175 -150 0 
175 -145 0 
175 -140 0 
175 -135 0 
175 -130 0 
175 -125 0 
175 -120 0 
175 -115 0 
175 -110 0 
175 -105 0 
175 -100 0 
175 -95 0 
175 -90 0 
175 -85 0 
175 -80 0 
175 -75 0 
175 -70 0 
175 -65 0 
175 -60 0 
175 -55 0 
175 -50 0 
175 -45 0 
175 -40 0 
175 -35 0 
175 -30 0 
175 -25 0 
175 -20 0 
175 -15 0 
175 -10 0 
175 -5 0 
175 0 0 
175 5 0 
175 10 0 
175 15 0 
175 20 0 
175 25 0 
175 30 0 
175 35 0 
175 40 0 
175 45 0 
175 50 0 
175 55 0 
175 60 0 
175 65 0 
175 70 0 
175 75 0 
175 80 0 
175 85 0 
175 90 0 
175 95 0 
175 100 0 
175 105 0 
175 110 0 
175 115 0 
175 120 0 
175 125 0 
175 130 0 
175 135 0 
175 140 0 
175 145 0 
175 150 0 
175 155 0 
175 160 0 
175 165 0 
175 170 0 
175 175 0 
